0.10 0.87
0.97 3.55
3.86 4.98
5.08 8.18
9.75 11.84
11.89 13.98
14.15 17.43
17.56 19.04
19.08 21.98
22.32 23.74
23.92 25.04
25.30 28.10
28.28 29.95
30.00 30.96
31.03 33.22
33.22 36.25
36.47 39.28
39.43 41.88
41.88 44.11
44.57 46.59
46.92 48.51
48.76 52.00
52.00 54.36
54.70 56.01
56.25 57.74
57.82 60.26
60.32 62.35
62.58 64.94
65.20 66.62
66.91 68.49
68.84 70.60
72.12 76.32
76.72 77.40
77.61 79.46
79.64 80.40
80.63 83.20
83.96 84.64
85.02 87.01
87.08 88.72
89.13 91.27
91.67 92.40
93.12 95.50
95.63 97.67
97.72 99.04
99.37 101.32
102.36 104.20
104.39 106.87
107.08 108.71
108.96 110.99
111.52 112.64
113.42 115.24
116.04 118.71
119.06 121.62
121.80 122.78
123.17 124.00
124.00 125.64
125.94 126.80
127.06 128.81
129.24 130.59
130.84 132.04
132.34 133.68
134.21 135.04
136.04 137.25
137.52 138.32
138.86 140.95
141.02 142.94
143.08 144.28
144.42 146.43
147.16 148.12
148.56 149.24
149.49 151.26
151.76 152.64
153.06 154.47
154.69 155.40
156.12 157.10
157.52 158.68
158.96 159.88
160.12 162.49
162.47 164.76
165.27 168.22
168.21 170.26
170.74 173.55
173.90 176.29
176.66 177.22
178.22 179.64
180.02 180.80
181.18 183.92
184.16 185.89
186.20 186.96
187.26 189.08
189.43 191.14
191.44 193.02
193.29 195.08
195.28 197.48
197.80 199.70
199.82 201.10
201.44 204.05
204.26 204.96
205.18 206.92
207.38 208.80
209.18 210.39
210.52 212.76
213.84 215.32
215.72 217.34
217.90 219.04
219.04 220.48
220.48 221.52
221.72 225.80
226.17 227.88
228.26 229.44
229.85 232.52
232.54 235.56
236.21 238.40
238.70 239.76
239.76 241.40
241.40 242.68
242.99 244.71
245.10 246.16
246.77 247.48
247.78 248.88
249.15 250.09
250.52 253.72
254.17 255.56
256.02 256.97
257.62 258.28
258.41 260.32
260.54 262.73
262.72 265.40
265.68 266.13
266.55 268.56
269.06 269.72
270.06 271.33
271.86 274.37
274.67 275.96
275.96 278.24
278.61 280.17
280.36 283.76
284.04 285.24
285.24 286.60
286.82 289.28
289.28 291.42
291.74 295.07
295.45 297.80
298.30 300.72
301.59 302.79
