0.00 3.92
3.92 6.08
6.08 7.52
7.52 7.96
7.96 8.92
8.92 9.76
9.76 15.28
15.28 18.64
18.64 21.84
21.84 28.04
28.04 38.40
38.40 41.68
41.68 43.92
43.92 46.08
46.08 50.00
50.00 51.04
51.04 52.92
52.92 54.40
54.40 57.72
57.72 59.12
59.12 59.76
59.76 61.60
61.60 63.04
63.04 63.64
63.64 66.00
66.00 72.64
72.64 76.12
76.12 78.60
78.60 79.88
79.88 80.52
80.52 82.20
82.20 85.12
85.12 87.60
87.60 89.16
89.16 90.24
90.24 93.48
93.48 96.32
96.32 99.12
99.12 101.84
101.84 104.60
104.60 108.32
108.32 110.04
110.04 112.52
112.52 116.52
116.52 116.68
116.68 117.88
117.88 121.24
121.24 123.32
123.32 125.88
125.88 126.12
126.12 127.40
127.40 128.48
128.48 128.84
128.84 129.44
129.44 131.52
131.52 133.40
133.40 134.92
134.92 135.68
135.68 137.64
137.64 139.76
139.76 141.56
141.56 143.32
143.32 144.40
144.40 146.60
146.60 149.76
149.76 151.36
151.36 152.20
152.20 155.68
155.68 157.96
157.96 159.40
159.40 159.84
159.84 160.64
160.64 162.16
162.16 163.72
163.72 165.76
165.76 166.64
166.64 168.20
168.20 169.40
169.40 171.16
171.16 173.96
173.96 178.44
178.44 179.56
179.56 180.36
180.36 182.12
182.12 184.76
184.76 186.96
186.96 187.68
187.68 188.68
188.68 190.64
190.64 191.88
191.88 193.40
193.40 195.56
195.56 201.00
201.00 201.72
201.72 203.24
203.24 204.76
204.76 207.44
207.44 210.48
210.48 213.56
213.56 214.80
214.80 217.24
217.24 222.04
222.04 228.36
228.36 229.76