9.09 10.8
10.92 12.67
13.76 15.39
16.51 19.93
20.47 23.85
23.85 25.19
25.23 27.81
27.81 31.9
32.03 33.28
33.4 37.45
37.99 39.53
39.99 43.34
42.75 45.75
47.38 48.17
48.38 50.21
53.76 55.18
55.3 58.34
59.93 62.22
62.85 64.35
65.35 66.9
66.94 69.52
72.23 74.24
75.24 78.45
78.66 81.7
82.29 86.03
86.08 88.33
88.37 89.83
89.88 92.04
92.04 94.21
94.42 96.17
96.17 97.68
97.88 99.51
99.68 102.68
107.27 109.94
110.15 113.32
115.86 118.91
118.99 120.11
120.16 123.7
123.99 125.91
126.2 127.91
130.04 134.05
134.17 135.51
135.76 137.05
137.26 140.89
141.34 147.31
152.44 155.44
159.08 160.75
160.96 162.5
165.75 167.92
170.92 172.84
175.43 177.64
184.74 186.27
186.48 191.82
192.03 193.15
193.2 197.23
197.24 201.34
200.7 201.91
202.5 204.54
213.42 216.64
217.76 219.85
225.39 226.9
227.02 230.11
232.78 237.24
238.03 240.03
241.94 242.79
244.08 245.92
247.34 250.17
252.44 255.38
255.51 256.88
256.88 259.04
259.04 262.18