0.00 2.46
0.00 0.00
0.00 0.00
0.00 0.00
0.00 0.00
0.00 0.00
0.00 0.00
0.00 0.00
0.00 0.00
0.00 0.00
0.00 0.00
0.00 0.00
0.00 0.00
0.00 0.00
0.00 0.00
0.00 0.00
0.00 0.00
0.00 0.00
0.00 0.00
0.00 0.00
0.00 0.00
0.00 0.00
0.00 0.00
0.00 0.00
0.00 0.00
0.00 0.00
0.00 0.00
0.00 0.00
0.00 0.00
0.00 0.00
0.00 0.00
0.00 0.00
0.00 0.00
0.00 0.00
0.00 0.00
0.00 0.00
0.00 0.00
0.00 0.00
0.00 0.00
0.00 0.00
0.00 0.00
0.00 0.00
0.00 0.00
0.00 0.00
0.00 0.00
0.00 0.00
0.00 0.00
0.00 0.00
0.00 0.00
0.00 0.00
0.00 0.00
0.00 0.00
0.00 0.00
0.00 0.00
0.00 0.00
0.00 0.00
0.00 0.00
0.00 0.00
0.00 0.00
0.00 0.00
0.00 0.00
0.00 0.00
0.00 0.00
0.00 0.00
0.00 0.00
0.00 0.00
0.00 0.00
0.00 0.00
0.00 0.00
0.00 0.00
0.00 0.00
0.00 0.00
0.00 0.00
0.00 0.00
0.00 0.00
0.00 0.00
0.00 0.00
0.00 0.00
0.00 0.00
0.00 0.00
0.00 0.00
0.00 0.00
0.00 0.00
0.00 0.00
0.00 0.00
0.00 0.00
0.00 0.00
0.00 0.00
0.00 0.00
0.00 0.00
0.00 0.00
0.00 0.00
2.64 3.54
3.78 6.24
6.36 8.14
8.33 10.68
11.48 14.16
14.30 17.76
17.97 19.41
19.96 20.40
20.77 23.64
23.82 29.05
29.06 32.90
32.92 38.21
38.56 39.30
39.36 42.59
42.79 46.75
46.91 48.80
48.84 51.27
51.32 54.40
55.00 58.01
58.08 59.66
59.79 61.52
61.67 65.44
65.56 66.32
66.32 67.32
67.32 68.40
68.40 70.40
70.75 72.76
72.97 74.61
74.80 75.38
75.64 78.04
78.04 79.34
79.47 81.75
81.92 88.77
89.32 90.10
90.16 93.43
93.62 95.48
95.80 97.70
97.98 99.32
99.66 102.22
102.72 104.56
104.71 109.02
109.49 112.12
113.15 114.23
114.44 115.99
116.10 118.42
119.03 119.53
119.66 121.37
121.76 125.57
125.89 127.86
127.92 130.35
130.70 133.10
133.27 136.40
136.69 138.17
138.44 140.92
140.92 143.71
147.66 149.98
150.24 152.40
153.90 155.83
156.09 158.70
159.00 160.80
161.15 165.95
166.50 169.24
169.24 171.92
171.92 173.52
173.84 177.76
178.03 179.60
179.80 180.76
180.99 182.62
183.08 186.62
186.83 190.77
191.15 191.96
192.11 194.24
194.47 196.27
196.48 198.14
198.91 200.51
200.84 201.60
201.81 204.66
204.76 207.52
208.00 211.38
211.79 214.62
215.03 215.88
216.03 216.88
217.26 221.26
221.61 225.10
225.87 228.85
229.17 234.52
234.63 238.77
239.66 240.79
240.92 243.30
244.59 245.80
