0.00 2.88
2.88 8.44
8.44 12.80
12.80 14.68
14.68 16.20
16.20 18.52
18.52 22.32
22.32 24.16
24.16 27.84
27.84 30.24
30.24 31.64
31.64 33.60
33.60 35.36
35.36 37.52
37.52 39.92
39.92 43.52
43.52 45.76
45.76 46.72
46.72 48.32
48.32 50.24
50.24 52.20
52.20 53.28
53.28 55.20
55.20 56.16
56.16 59.72
59.72 63.48
63.48 66.00
66.00 68.08
68.08 69.52
69.52 70.96
70.96 73.92
73.92 75.48
75.48 76.56
76.56 77.64
77.64 78.72
78.72 79.44
79.44 82.12
82.12 82.80
82.80 83.84
83.84 86.64
86.64 88.44
88.44 91.00
91.00 94.00
94.00 96.56
96.56 98.64
98.64 100.76
100.76 103.40
103.40 105.32
105.32 107.04
107.04 110.76
110.76 112.84
112.84 114.60
114.60 115.84
115.84 118.44
118.44 120.64
120.64 121.52
121.52 123.56
123.56 127.08
127.08 128.92
128.92 131.00
131.00 131.76
131.76 134.00
134.00 135.80
135.80 138.72
138.72 140.96
140.96 143.00
143.00 146.72
146.72 148.72
148.72 150.08
150.08 152.64
152.64 154.52
154.52 155.88
155.88 158.08
158.08 160.44
160.44 162.32
162.32 166.20
166.20 167.36
167.36 169.32
169.32 170.60
170.60 172.80
172.80 176.92
176.92 180.04
180.04 183.40
183.40 185.64
185.64 187.64
187.64 189.28
189.28 191.88
191.88 194.96
194.96 198.12
198.12 199.72
199.72 201.04
201.04 203.40
203.40 203.76
203.76 205.12
205.12 206.08
206.08 207.64
207.64 209.96
209.96 210.68
210.68 212.44
212.44 213.92
213.92 216.32
216.32 218.04
218.04 220.68
220.68 221.88
221.88 225.28
225.28 226.32
226.32 227.72
227.72 230.08
230.08 231.96
231.96 236.48