11.07 12.19
12.94 15.24
15.61 16.78
16.86 19.37
19.45 22.91
23 25.37
25.46 26.62
27.17 30.21
30.3 34.46
34.97 37.38
37.47 40.3
40.39 41.72
59.16 60.28
65.16 66.41
68.29 70.83
71.13 72.75
111.58 113.25
113.59 115.34
116.59 118.22
119.05 121.09
121.18 123.43
123.51 126.22
127.68 130.48
130.56 132.77
133.56 136.07
139.36 141.82
141.91 144.37
144.45 145.91
147.74 150
152.5 155.42
155.71 157.84
157.92 160.67
160.76 162.34
163.89 165.55
167.47 170.77
171.56 174.77
175.61 178.28
178.69 181.49
181.61 184.45
184.74 187.03
187.12 189.62
196.67 200.09
203.63 206.18
206.26 208.43
208.51 212.27
212.52 215.4
215.52 217.9
217.98 220.73
221.32 224.91
224.99 227.45
227.53 230.24
230.33 233.33
233.41 236
236.08 238.59
239.3 241.42
241.51 243.47
243.55 245.63
247.84 249.09
307.91 310.32
310.41 312.41
328.97 330.72
331.64 332.93
333.31 334.64
335.27 336.77
337.31 338.56
339.1 340.6
350.78 352.41
360.29 361.75