0.00 3.40
3.40 8.20
8.20 10.84
10.84 15.76
15.76 16.48
16.48 22.28
22.28 25.12
25.12 27.60
27.60 29.76
29.76 31.16
31.16 33.04
33.04 37.20
37.20 39.08
39.08 39.68
39.68 40.28
40.28 41.00
41.00 42.24
42.24 44.28
44.28 47.80
47.80 48.16
48.16 48.60
48.60 53.20
53.20 55.00
55.00 56.52
56.52 57.40
57.40 57.76
57.76 58.88
58.88 63.72
63.72 65.20
65.20 67.36
67.36 69.36
69.36 71.84
71.84 72.76
72.76 76.08
76.08 78.88
78.88 81.20
81.20 82.68
82.68 84.44
84.44 86.68
86.68 87.56
87.56 91.60
91.60 91.76
91.76 92.16
92.16 96.76
96.76 101.16
101.16 101.72
101.72 102.48
102.48 104.80
104.80 106.16
106.16 108.16
108.16 109.12
109.12 110.52
110.52 114.72
114.72 116.32
116.32 118.12
118.12 120.80
120.80 124.80
124.80 126.40
126.40 130.12
130.12 132.16
132.16 133.80
133.80 136.88
136.88 142.08
142.08 144.40
144.40 147.08
147.08 149.16
149.16 152.52
152.52 155.72
155.72 157.72
157.72 159.56
159.56 160.92
160.92 162.84
162.84 166.48
166.48 171.08
171.08 175.68
175.68 179.40
179.40 183.68
183.68 185.20
185.20 190.12
190.12 191.40
191.40 195.20
195.20 198.64
198.64 203.76
203.76 204.96
204.96 206.48
206.48 207.16
207.16 209.32
209.32 212.76
212.76 213.48
213.48 214.12
214.12 214.84
214.84 218.20
218.20 221.36
221.36 222.12
222.12 226.88
226.88 228.84
228.84 234.32
234.32 238.28
238.28 241.56
241.56 246.20
246.20 247.16
247.16 249.92
249.92 254.72
254.72 258.16
258.16 259.36
259.36 260.52
260.52 263.76
263.76 264.48
264.48 265.20
265.20 266.56
266.56 268.76
268.76 270.08
270.08 272.52
272.52 275.28
275.28 280.64
280.64 283.16
283.16 283.72
283.72 286.28
286.28 290.36
290.36 293.60
293.60 295.88
295.88 300.64
300.64 302.64
302.64 305.76
305.76 307.32
307.32 308.16
308.16 311.60
311.60 315.32
315.32 320.80
320.80 321.96
321.96 327.12
327.12 329.92
329.92 332.04
332.04 334.80
334.80 337.80
337.80 341.20
341.20 345.40
345.40 352.16
352.16 353.40
353.40 353.84
353.84 355.20
355.20 359.32
359.32 362.04
362.04 363.28
363.28 364.88
364.88 369.04
369.04 372.52
372.52 374.52
374.52 375.44
375.44 379.32
379.32 380.60
380.60 381.56
381.56 386.40
386.40 393.80
393.80 396.28
396.28 397.92
397.92 398.48
398.48 399.00
399.00 401.12
401.12 409.16