0.00 2.32
2.32 3.92
3.92 4.72
4.72 5.80
5.80 6.48
6.48 8.00
8.00 11.12
11.12 12.68
12.68 15.00
15.00 16.32
16.32 19.12
19.12 20.48
20.48 23.36
23.36 23.88
23.88 26.76
26.76 28.76
28.76 32.16
32.16 34.56
34.56 41.20
41.20 42.68
42.68 44.84
44.84 48.00
48.00 49.40
49.40 51.44
51.44 53.36
53.36 56.24
56.24 59.04
59.04 59.56
59.56 60.64
60.64 65.08
65.08 67.80
67.80 70.64
70.64 73.12
73.12 75.00
75.00 77.00
77.00 78.80
78.80 80.88
80.88 82.04
82.04 84.00
84.00 84.48
84.48 86.20
86.20 88.44
88.44 90.88
90.88 94.28
94.28 98.08
98.08 98.96
98.96 102.48
102.48 104.20
104.20 105.56
105.56 106.88
106.88 108.96
108.96 113.08
113.08 115.12
115.12 117.52
117.52 119.68
119.68 120.48
120.48 121.76
121.76 123.80
123.80 125.84
125.84 131.48
131.48 134.80
134.80 137.84
137.84 142.16
142.16 144.84
144.84 146.52
146.52 150.04
150.04 152.64
152.64 153.16
153.16 154.08
154.08 155.12
155.12 157.72
157.72 160.96
160.96 164.28
164.28 165.24
165.24 165.88
165.88 168.76
168.76 170.48
170.48 171.48
171.48 175.56
175.56 179.00
179.00 180.52
180.52 180.96
180.96 182.64
182.64 183.92
183.92 186.36
186.36 188.28
188.28 191.24
191.24 193.48
193.48 197.76
197.76 201.12
201.12 203.80
203.80 205.20
205.20 210.56
210.56 212.28
212.28 213.68
213.68 215.88
215.88 217.92
217.92 219.40
219.40 220.80
220.80 221.72
221.72 223.20
223.20 223.92
223.92 226.00
226.00 227.80
227.80 229.96
229.96 235.84
235.84 239.08
239.08 244.48
244.48 248.36
248.36 251.36
251.36 253.44
253.44 255.52
255.52 257.52
257.52 260.00
260.00 261.52
261.52 266.88
266.88 267.68
267.68 268.84
268.84 271.20
271.20 272.04
272.04 272.68
272.68 274.96
274.96 276.08
276.08 278.32
278.32 279.20
279.20 281.32
281.32 284.20