0.16 4.23
4.54 5.26
5.50 6.25
6.30 8.42
8.60 9.60
9.98 12.88
13.02 14.12
14.22 16.11
16.10 19.26
19.46 21.31
21.76 22.68
22.97 24.34
24.52 25.88
26.16 27.94
28.42 30.41
30.84 32.08
32.43 35.75
35.97 38.02
38.29 39.25
39.34 41.50
41.51 43.28
43.55 45.42
45.66 47.40
47.66 51.02
51.30 53.12
53.12 54.98
55.09 57.08
57.32 60.24
60.59 63.04
63.51 66.17
66.50 69.06
69.43 72.05
72.36 74.50
74.90 77.19
77.54 78.76
79.11 82.46
82.80 84.20
84.42 87.10
87.56 91.76
91.98 92.66
93.10 94.91
95.22 96.02
96.03 98.20
98.44 101.88
102.12 103.24
103.46 106.68
106.93 108.79
109.07 110.90
111.08 111.96
111.96 114.84
115.06 115.63
115.88 117.37
117.67 119.71
119.89 121.18
121.48 123.82
123.80 126.84
136.77 138.76
138.76 141.46
142.27 146.72
147.51 152.03
152.36 156.98
157.36 162.16
162.70 166.87
167.50 171.38
171.80 176.10
176.08 179.34
180.36 182.24
182.49 184.84
185.15 189.16
190.13 194.14
194.52 198.61
199.14 203.56
204.14 208.25
208.82 213.14
213.29 218.10
218.51 220.64
220.64 224.00
224.28 225.60
225.93 226.80
226.93 228.84
228.84 229.71
229.99 232.10
232.38 233.76
233.99 234.84
235.13 237.81
237.81 239.42
240.66 243.85
244.00 245.56
245.64 246.94
247.22 247.95
248.33 249.40
249.62 251.40
251.40 253.20
253.20 254.80
255.15 259.73
260.24 264.91
267.54 268.71
