0.12 1.08
1.14 3.35
4.06 7.14
7.28 10.83
10.95 12.28
12.28 13.78
14.24 17.25
17.38 19.18
19.24 23.82
23.90 25.56
25.96 28.48
28.62 30.97
31.17 34.38
35.48 38.50
38.65 41.65
41.67 43.30
43.68 44.64
44.76 47.18
47.45 49.90
50.18 52.18
52.45 55.54
55.87 57.99
58.08 61.84
62.24 62.85
63.00 64.80
65.08 66.33
66.75 68.79
69.12 70.99
71.73 73.19
73.42 75.58
75.62 77.62
77.84 79.26
79.30 83.65
83.89 85.41
85.47 87.98
88.29 88.96
89.16 90.78
91.08 92.44
92.93 95.18
95.54 96.64
96.93 97.82
99.15 100.30
100.70 101.71
102.08 102.75
103.43 104.46
104.71 106.24
106.27 108.68
108.70 109.84
109.87 113.59
113.76 114.88
115.02 115.96
116.19 117.04
117.50 118.70
118.86 120.68
120.99 123.04
123.27 127.22
127.48 128.28
128.66 130.84
131.33 132.52
132.67 134.63
134.80 137.93
138.14 143.18
143.50 145.78
146.10 148.16
148.92 150.83
151.14 151.98
152.04 153.52
153.72 155.24
155.46 157.54
157.82 159.76
160.12 161.18
161.72 164.20
164.53 166.40
166.49 169.45
170.06 171.50
171.88 172.76
173.11 175.70
176.38 177.64
178.15 179.95
180.23 182.69
182.88 184.64
184.89 186.56
186.89 188.84
189.13 192.45
193.83 196.47
196.89 197.51
197.60 202.01
202.15 204.28
204.76 205.36
205.80 206.68
207.05 209.32
209.61 211.72
211.82 212.72
212.72 214.48
214.96 217.53
218.04 219.75
219.93 220.52
220.78 223.54
223.79 226.48
226.60 228.44
228.49 229.59
229.98 232.36
232.63 233.05
233.19 237.24
237.49 239.14
239.44 241.55
241.80 243.20
243.64 246.80
246.99 250.52
250.68 253.62
253.86 255.32
255.64 257.00
257.38 258.88
259.15 260.70
261.16 263.21
263.66 265.26
265.69 267.14
267.70 268.40
268.61 270.12
270.28 272.13
272.15 273.76
274.13 275.80
275.80 276.95
