0.00 2.16
2.16 4.52
4.52 6.04
6.04 8.28
8.28 9.92
9.92 11.28
11.28 11.88
11.88 14.16
14.16 15.12
15.12 16.00
16.00 17.76
17.76 19.60
19.60 21.72
21.72 22.36
22.36 23.28
23.28 25.12
25.12 26.20
26.20 27.56
27.56 28.60
28.60 30.32
30.32 32.32
32.32 36.64
36.64 38.52
38.52 39.92
39.92 42.00
42.00 45.04
45.04 46.92
46.92 47.88
47.88 49.04
49.04 51.20
51.20 53.28
53.28 55.20
55.20 57.88
57.88 60.64
60.64 61.28
61.28 62.52
62.52 63.92
63.92 66.04
66.04 68.52
68.52 69.40
69.40 70.12
70.12 73.08
73.08 74.32
74.32 76.24
76.24 79.64
79.64 80.28
80.28 81.08
81.08 81.76
81.76 83.72
83.72 84.76
84.76 85.32
85.32 87.28
87.28 89.80
89.80 92.60
92.60 95.04
95.04 96.44
96.44 96.92
96.92 97.24
97.24 97.96
97.96 98.60
98.60 99.36
99.36 100.04
100.04 100.88
100.88 101.12
101.12 101.92
101.92 102.36
102.36 103.52
103.52 104.20
104.20 105.08
105.08 105.20
105.20 105.60
105.60 106.16
106.16 106.96
106.96 107.56
107.56 108.08
108.08 108.44
108.44 109.04
109.04 110.04
110.04 110.60
110.60 111.04
111.04 111.84
111.84 112.32
112.32 113.04
113.04 113.60
113.60 114.32
114.32 114.84
114.84 115.36
115.36 115.80
115.80 116.04
116.04 116.56
116.56 118.04
118.04 118.92
118.92 119.32
119.32 120.00
120.00 120.64
120.64 121.04
121.04 121.92
121.92 122.48
122.48 123.12
123.12 123.32
123.32 124.04
124.04 124.24
124.24 124.80
124.80 125.00
125.00 125.20
125.20 125.72
125.72 127.96
127.96 130.08
130.08 131.92
131.92 133.40
133.40 135.08
135.08 137.32
137.32 138.36
138.36 139.84
139.84 140.76
140.76 142.32
142.32 143.44
143.44 144.64
144.64 146.16
146.16 147.56
147.56 150.08
150.08 152.28
152.28 153.24
153.24 154.56
154.56 157.72
157.72 159.20
159.20 160.64
160.64 162.72
162.72 163.40
163.40 165.64
165.64 169.84
169.84 171.20
171.20 172.92
172.92 174.80
174.80 177.32
177.32 178.48
178.48 180.88
180.88 183.24
183.24 184.84
184.84 188.76
188.76 189.36
189.36 192.84
192.84 194.44
194.44 195.68
195.68 196.80
196.80 199.56
199.56 201.68
201.68 202.92
202.92 204.28
204.28 205.76
205.76 207.72
207.72 210.12
210.12 213.04
213.04 215.24
215.24 216.56
216.56 218.52
218.52 220.04
220.04 223.60
223.60 225.24
225.24 227.24
227.24 230.16
230.16 233.12
233.12 235.28
235.28 237.88
237.88 238.60
238.60 240.52
240.52 242.72
242.72 245.96
245.96 247.72
247.72 249.40
249.40 251.80
251.80 253.32
253.32 255.76
255.76 258.48
258.48 260.48
260.48 261.44
261.44 264.16
264.16 266.24
266.24 268.96
268.96 275.32
275.32 277.68
277.68 278.60
278.60 278.96
278.96 281.84
281.84 282.80
282.80 285.08
285.08 286.84
286.84 291.20