2.67 3.77
4.66 7.17
7.40 8.89
9.48 11.33
13.32 14.85
17.61 19.67
20.38 21.81
21.85 23.91
26.45 28.80
28.83 30.96
31.62 32.89
35.42 36.36
36.41 38.19
38.23 40.20
40.23 41.39
41.42 43.24
43.47 47.16
47.95 51.41
52.62 54.20
54.38 55.87
56.34 57.91
57.91 59.42
59.43 60.70
60.71 62.54
62.58 64.08
65.57 67.50
67.94 69.82
69.83 71.45
71.79 73.79
74.51 77.60
77.63 79.86
81.63 84.50
84.70 87.79
87.86 90.09
92.28 94.08
94.81 97.31
97.91 100.80
101.25 102.96
103.21 104.64
105.35 107.86
108.44 113.23
113.42 114.91
115.19 117.13
117.25 118.58
118.85 120.74
120.84 121.81
123.31 124.45
125.17 126.91
131.31 132.87
136.24 137.96
142.00 143.12
143.12 143.94
147.27 148.98
151.52 152.72
155.12 156.87
159.03 160.23
160.91 163.08
163.63 164.52
164.52 166.05
166.06 167.82
168.32 169.38
169.51 171.18
171.19 175.38
176.65 178.50
181.27 183.12
183.47 184.22
184.25 185.62
190.49 191.59
191.59 193.36
193.70 194.90
195.03 196.32
197.02 199.75
199.79 202.10
204.32 206.84
207.44 209.95
210.05 211.24
211.30 214.21
218.12 218.92
218.94 220.14
220.13 221.82
221.83 224.03
224.13 225.46
226.62 229.16
232.02 234.13
234.93 236.78
237.01 239.02
239.17 241.35
241.63 242.96
243.11 244.71
244.81 247.96
247.97 252.36
254.06 256.37
257.20 259.08
259.18 260.48
260.54 262.36
264.81 266.37
266.86 269.99
270.32 271.85
272.40 274.14
276.36 279.50