0.09 1.08
1.29 2.69
3.37 5.94
6.33 8.70
8.92 11.38
11.66 14.59
14.73 15.89
16.37 18.50
19.18 19.79
20.34 21.07
21.13 22.08
22.48 24.25
24.48 25.76
25.76 28.32
28.65 29.60
29.60 30.62
31.08 32.96
33.46 35.16
35.52 36.80
36.94 39.74
40.10 41.56
41.83 44.35
44.90 46.28
46.28 47.71
48.20 49.78
50.22 50.81
51.29 52.21
52.68 53.60
54.04 56.64
57.32 58.44
58.89 63.34
63.72 64.64
64.90 66.95
67.32 68.08
68.50 70.84
71.19 72.99
73.18 73.85
74.06 76.84
77.02 78.48
78.93 81.35
81.98 83.62
84.05 85.27
85.57 87.93
87.96 89.31
89.75 92.27
92.95 95.31
95.77 96.39
97.01 99.09
100.07 101.59
102.01 102.95
103.43 107.27
107.68 108.64
109.03 110.28
110.82 111.44
111.90 113.84
114.26 115.44
116.00 116.69
117.13 118.52
118.94 123.92
124.18 126.24
126.68 127.44
127.71 130.58
130.59 132.96
133.30 135.64
136.12 137.20
137.63 143.28
143.78 146.11
146.59 147.51
147.51 149.15
149.43 156.15
156.51 158.67
159.01 159.78
159.96 161.48
161.48 163.27
163.44 166.82
167.08 168.16
168.76 170.96
171.32 173.18
173.36 174.58
174.80 176.57
176.72 178.00
178.00 180.54
181.01 182.95
183.15 184.11
184.82 186.20
186.66 187.52
187.93 190.48
190.78 193.00
193.33 195.16
195.50 197.28
197.75 200.51
200.93 202.17
202.72 204.90
205.15 207.56
207.79 210.47
210.69 213.17
213.72 216.68
217.23 219.84
220.25 221.68
222.06 222.64
223.00 224.40
224.47 226.27
226.74 227.55
228.10 229.04
229.23 231.48
231.91 233.22
233.60 235.08
235.49 239.04
239.45 241.80
242.35 243.04
243.51 245.19
245.26 247.71
247.77 249.28
249.56 251.92
252.25 252.80
252.89 254.24
254.53 256.32
256.70 257.35
257.35 259.56
259.83 261.98
261.97 263.44
263.88 265.62
265.85 268.61
269.06 270.52
270.87 272.65
273.09 274.72
274.95 275.88
276.22 277.36
277.79 279.60
280.09 280.74
281.24 282.13
282.47 283.50
