2.67 3.66
4.89 6.53
7.52 8.85
9.62 11.12
13.60 14.27
18.11 19.55
23.31 25.44
25.43 27.01
32.49 34.48
36.26 38.07
40.15 42.51
42.59 44.18
44.65 47.67
47.97 50.62
53.13 54.84
54.83 56.33
56.52 59.66
59.72 61.16
61.47 63.26
63.27 65.57
65.58 67.09
67.09 69.36
69.96 71.94
71.95 73.78
73.81 75.52
77.29 79.65
81.71 82.94
83.22 84.64
84.75 87.78
89.30 92.07
92.46 93.18
93.30 95.50
98.55 101.46
102.24 104.87
106.69 109.23
109.24 110.43
111.58 113.19
113.49 114.09
114.40 115.22
115.56 116.44
117.79 120.20
121.49 122.50
123.77 125.62
127.35 128.95
128.95 132.02
134.80 136.98
137.62 139.43
139.47 141.37
141.39 143.35
145.53 147.09
147.10 147.84
147.84 151.46
151.46 153.40
153.41 155.29
155.28 157.30
158.90 159.76
159.78 161.19
161.48 163.54
163.54 164.08
164.83 166.97
169.28 170.71
172.18 173.18
173.42 174.92
175.14 176.55
176.70 178.67
178.68 180.02
184.04 185.40
185.57 187.42
191.20 193.23
193.50 194.31
194.67 196.60
198.41 199.42
200.22 202.03
202.25 202.83
205.10 206.49
206.54 207.92
208.06 210.62
211.03 212.62
212.73 215.61
215.62 217.53
217.69 219.68
220.86 223.41
226.15 228.31
228.58 229.40
229.40 230.40
231.11 232.92
233.05 233.94
234.29 235.05
236.69 238.14
238.15 239.48
242.56 243.86
243.87 246.81
247.06 249.54
249.65 250.80
251.15 251.82
253.06 256.05
256.79 258.66
258.67 261.00
264.89 266.57
267.04 267.87
277.67 279.85
