0.28 1.56
1.62 3.21
4.05 7.38
7.76 8.36
8.58 10.79
10.79 12.99
13.76 15.06
15.64 16.62
17.06 19.62
20.01 21.69
22.18 22.82
23.21 24.44
24.89 25.77
26.25 29.06
29.06 32.09
32.70 34.01
34.70 35.98
36.65 37.69
38.22 39.85
39.85 41.07
41.58 42.03
42.77 43.56
43.98 45.66
46.05 47.09
47.51 48.41
48.83 50.84
51.22 53.13
53.61 56.17
56.60 60.51
60.91 61.68
62.20 63.13
63.46 65.81
66.42 66.95
67.50 69.56
69.93 71.48
71.90 73.77
74.27 76.41
76.77 77.39
77.83 78.54
79.07 80.02
80.47 83.05
83.64 84.16
84.78 85.70
85.98 87.93
88.36 88.82
89.08 91.01
91.36 92.49
92.84 95.47
95.89 97.96
97.96 99.64
100.04 102.27
102.61 103.58
103.94 106.25
106.88 107.39
107.73 108.55
109.00 110.52
110.83 112.85
112.93 116.13
116.19 117.08
117.51 118.08
118.46 120.06
120.46 121.93
122.40 124.02
124.41 126.00
126.28 127.94
128.34 129.36
129.74 130.73
131.20 131.71
131.99 134.14
134.87 135.51
136.06 136.96
137.37 140.22
140.39 143.18
143.65 145.91
146.18 148.08
148.34 150.62
150.99 152.98
153.44 155.18
155.57 156.15
156.71 158.70
159.29 161.88
162.25 164.05
164.69 165.63
166.09 166.76
167.01 168.30
168.64 170.67
170.99 172.22
172.72 175.03
175.60 176.33
177.14 178.50
178.71 179.62
180.06 180.99
181.21 183.07
183.67 185.51
185.58 186.64
186.89 188.92
189.67 192.00
192.49 193.40
193.41 194.28
194.35 195.09
196.42 197.29
197.61 199.57
200.05 201.93
202.43 204.92
204.95 206.79
207.86 208.69
208.78 209.34
209.37 210.81
211.08 213.32
214.23 216.87
217.15 217.65
217.79 219.30
220.67 221.45
221.93 222.80
222.81 224.11
224.42 226.52
227.06 228.29
228.44 229.54
229.76 231.21
231.78 232.67
232.77 233.36
233.51 235.04
235.21 236.70
237.36 238.54
238.72 239.99
240.40 240.96
241.12 242.64
