2.47 3.83
4.59 6.49
7.20 8.76
9.66 11.24
13.37 14.40
17.66 20.03
21.30 24.46
24.47 27.02
27.03 29.37
30.67 32.26
32.96 34.15
34.70 37.94
38.66 41.15
41.16 42.57
43.05 45.47
45.48 47.98
47.99 50.22
50.67 52.08
52.10 54.78
54.95 56.19
58.30 62.37
62.88 64.87
65.06 67.77
67.83 69.32
69.38 71.08
72.46 74.75
74.77 76.12
76.26 79.07
79.09 82.41
82.57 83.29
83.78 86.56
86.61 88.19
88.39 90.41
90.43 91.78
92.10 94.97
95.41 96.37
97.58 98.41
99.54 100.03
100.07 100.76
101.05 102.28
102.41 104.37
104.48 106.03
106.06 107.41
108.03 109.29
109.30 110.32
110.33 111.70
111.71 112.82
112.83 113.84
113.87 116.72
117.85 118.68
119.94 120.90
121.86 122.45
123.42 126.18
126.70 129.17
129.52 131.52
132.16 132.74
133.20 136.24
136.33 137.33
137.35 138.24
138.81 139.71
140.46 141.31
141.84 143.00
143.18 144.42
144.44 145.39
145.68 146.88
146.91 148.75
149.91 152.60
152.72 153.98
154.30 157.69
158.67 159.87
160.18 161.79
161.85 163.84
167.33 168.82
168.86 170.37
170.41 172.04
172.51 174.50
174.62 175.60
175.62 177.87
177.92 180.81
182.58 185.23
185.24 186.09
186.12 187.47
187.79 189.33
189.65 190.81
191.58 193.48
193.85 194.88
197.01 198.39
199.01 199.49
200.63 202.97
206.75 209.46
210.54 212.52
213.44 215.09
216.70 219.65
231.30 233.70
234.02 234.76
234.94 236.27
236.29 237.44
237.67 241.30
247.91 248.96
249.18 250.61
250.62 252.88
253.03 255.39
255.67 257.93
257.97 259.88
259.90 260.48
260.56 261.43
261.69 262.71
263.01 265.03
265.13 266.04
266.13 266.93
267.08 268.16
268.47 271.10
271.57 273.16
273.52 274.85
274.93 276.87
277.17 277.92
277.95 279.24