0.00 1.28
1.28 4.20
4.20 7.28
7.28 8.72
8.72 11.04
11.04 12.28
12.28 12.84
12.84 14.32
14.32 16.08
16.08 17.52
17.52 19.32
19.32 21.72
21.72 24.00
24.00 26.04
26.04 26.56
26.56 28.48
28.48 29.84
29.84 31.00
31.00 32.80
32.80 34.60
34.60 38.80
38.80 41.72
41.72 43.80
43.80 44.76
44.76 46.52
46.52 47.16
47.16 48.20
48.20 48.84
48.84 50.40
50.40 52.48
52.48 53.72
53.72 54.64
54.64 55.96
55.96 58.08
58.08 61.84
61.84 63.00
63.00 64.80
64.80 66.84
66.84 69.12
69.12 70.36
70.36 71.12
71.12 73.48
73.48 75.72
75.72 77.72
77.72 79.36
79.36 84.00
84.00 85.52
85.52 87.96
87.96 89.16
89.16 89.76
89.76 90.44
90.44 92.44
92.44 93.60
93.60 94.08
94.08 95.16
95.16 96.64
96.64 98.08
98.08 100.40
100.40 102.08
102.08 102.92
102.92 104.48
104.48 106.24
106.24 108.76
108.76 109.96
109.96 111.00
111.00 113.76
113.76 114.88
114.88 115.96
115.96 117.04
117.04 118.84
118.84 120.68
120.68 123.04
123.04 126.00
126.00 127.48
127.48 128.28
128.28 130.84
130.84 132.52
132.52 134.80
134.80 136.60
136.60 137.88
137.88 140.80
140.80 143.56
143.56 145.84
145.84 150.12
150.12 151.20
151.20 152.04
152.04 153.52
153.52 155.24
155.24 157.60
157.60 159.76
159.76 161.72
161.72 162.96
162.96 164.20
164.20 166.40
166.40 169.56
169.56 171.88
171.88 172.76
172.76 175.92
175.92 178.20
178.20 180.32
180.32 182.68
182.68 184.64
184.64 186.56
186.56 188.84
188.84 192.72
192.72 196.92
196.92 197.60
197.60 199.08
199.08 202.00
202.00 204.28
204.28 205.36
205.36 206.68
206.68 209.32
209.32 211.72
211.72 212.72
212.72 214.48
214.48 216.52
216.52 217.44
217.44 219.96
219.96 220.52
220.52 222.88
222.88 223.76
223.76 224.92
224.92 225.80
225.80 226.64
226.64 228.52
228.52 229.84
229.84 232.36
232.36 233.04
233.04 234.84
234.84 235.76
235.76 239.44
239.44 240.52
240.52 240.96
240.96 241.56
241.56 243.20
243.20 247.00
247.00 250.68
250.68 252.72
252.72 253.56
253.56 255.64
255.64 257.00
257.00 258.88
258.88 260.88
260.88 263.36
263.36 265.40
265.40 266.52
266.52 267.36
267.36 268.40
268.40 270.12
270.12 272.08
272.08 273.76
273.76 275.80
275.80 277.28