0.00 3.24
3.24 8.60
8.60 15.48
15.48 16.80
16.80 18.64
18.64 21.52
21.52 25.36
25.36 29.76
29.76 32.12
32.12 34.20
34.20 34.68
34.68 35.60
35.60 37.68
37.68 40.08
40.08 42.08
42.08 43.92
43.92 50.24
50.24 51.68
51.68 54.96
54.96 56.52
56.52 58.44
58.44 63.16
63.16 66.16
66.16 68.24
68.24 71.08
71.08 75.56
75.56 78.92
78.92 85.04
85.04 86.20
86.20 87.40
87.40 90.60
90.60 92.52
92.52 95.68
95.68 96.76
96.76 99.32
99.32 102.56
102.56 105.64
105.64 107.68
107.68 109.76
109.76 112.08
112.08 114.56
114.56 115.60
115.60 116.24
116.24 120.20
120.20 122.80
122.80 125.52
125.52 130.04
130.04 133.12
133.12 135.40
135.40 139.52
139.52 142.88
142.88 148.56
148.56 152.36
152.36 155.88
155.88 158.52
158.52 163.80
163.80 168.68
168.68 171.80
171.80 174.44
174.44 176.20
176.20 178.28
178.28 180.84
180.84 186.00
186.00 187.20
187.20 189.64
189.64 190.68
190.68 191.20
191.20 192.48
192.48 198.84
198.84 199.72
199.72 201.16
201.16 202.12
202.12 202.60
202.60 205.56
205.56 208.36
208.36 213.52
213.52 216.72
216.72 219.72
219.72 222.16
222.16 224.76
224.76 226.36
226.36 229.24
229.24 231.60
231.60 233.60
233.60 236.56