0.00 1.56
1.56 4.80
4.80 5.56
5.56 6.12
6.12 7.36
7.36 9.00
9.00 10.84
10.84 15.20
15.20 22.96
22.96 25.80
25.80 28.48
28.48 31.44
31.44 33.80
33.80 36.28
36.28 38.28
38.28 40.16
40.16 41.16
41.16 42.24
42.24 43.92
43.92 44.72
44.72 47.48
47.48 50.04
50.04 50.56
50.56 50.96
50.96 52.68
52.68 54.60
54.60 55.96
55.96 56.28
56.28 57.56
57.56 59.08
59.08 60.52
60.52 61.24
61.24 63.16
63.16 66.08
66.08 66.32
66.32 66.72
66.72 68.24
68.24 70.16
70.16 73.08
73.08 75.04
75.04 76.00
76.00 79.08
79.08 79.88
79.88 83.44
83.44 84.04
84.04 85.00
85.00 87.60
87.60 88.68
88.68 91.92
91.92 93.00
93.00 94.76
94.76 97.08
97.08 100.56
100.56 103.20
103.20 104.52
104.52 106.16
106.16 108.84
108.84 110.76
110.76 113.20
113.20 113.52
113.52 113.84
113.84 115.08
115.08 116.76
116.76 118.32
118.32 121.52
121.52 124.00
124.00 125.76
125.76 129.48
129.48 129.96
129.96 131.84
131.84 132.92
132.92 136.80
136.80 142.16
142.16 143.56
143.56 146.72
146.72 148.64
148.64 150.92
150.92 153.24
153.24 154.24
154.24 155.48
155.48 160.12
160.12 162.12
162.12 163.40
163.40 164.48
164.48 165.24
165.24 172.16
172.16 174.16
174.16 175.80
175.80 176.64
176.64 177.68
177.68 182.28
182.28 183.20
183.20 183.52
183.52 184.76
184.76 187.96
187.96 189.60
189.60 192.72
192.72 194.40
194.40 194.76
194.76 198.80
198.80 202.96
202.96 206.16
206.16 208.16
208.16 209.28
209.28 210.00
210.00 211.92
211.92 215.52
215.52 218.00
218.00 220.00
220.00 221.68
221.68 226.68
226.68 228.92
228.92 229.88
229.88 233.60
233.60 236.84
236.84 237.92
237.92 239.96
239.96 242.16
242.16 243.60
243.60 245.76
245.76 246.44
246.44 248.24
248.24 251.44
251.44 253.80
253.80 257.00
257.00 259.32
259.32 260.24
260.24 263.24
263.24 265.28
265.28 266.12
266.12 266.56
266.56 267.92
267.92 268.44
268.44 270.56
270.56 271.72
271.72 272.84
272.84 277.64
277.64 283.20
283.20 286.56
286.56 290.24
290.24 290.80
290.80 291.80
291.80 294.24
294.24 298.92