0.58 2.2
3.12 4.79
22.18 24.06
24.23 27.81
27.98 30.23
30.4 31.65
32.07 33.82
33.99 35.7
35.86 38.57
38.74 41.37
41.54 43.25
43.41 47.92
48.08 50.59
50.75 54.76
54.92 56.67
56.84 60.01
60.18 63.72
63.89 64.89
65.06 67.56
67.73 69.06
69.23 70.61
70.77 72.77
72.94 74.94
75.11 76.82
76.99 79.87
80.03 82.12
82.29 83.79
83.95 86.46
88.21 91.29
92.09 93.59
93.76 95.38
95.55 97.3
97.63 99.68
100.35 103.14
103.31 107.31
107.68 109.48
109.65 111.69
112.4 114.02
116.15 118.11
118.28 119.95
120.11 124.37
125.7 128.16
128.33 130.54
130.71 132
132.17 134.34
134.92 136.84
137.01 139.05
141.68 145.35
145.72 147.14
147.31 149.18
149.35 151.02
151.19 152.81
153.82 155.69
156.99 158.07
166.2 168.08
168.37 171.29
173.21 176
176.17 179.17
179.42 182.88