0.00 3.72
3.72 4.96
4.96 6.04
6.04 8.40
8.40 11.68
11.68 13.96
13.96 14.68
14.68 18.24
18.24 20.16
20.16 20.80
20.80 22.40
22.40 23.24
23.24 25.16
25.16 27.88
27.88 29.24
29.24 33.48
33.48 35.24
35.24 39.00
39.00 40.08
40.08 41.40
41.40 43.44
43.44 44.76
44.76 48.60
48.60 51.00
51.00 53.28
53.28 55.20
55.20 57.48
57.48 59.76
59.76 60.28
60.28 61.64
61.64 62.52
62.52 67.32
67.32 69.32
69.32 71.92
71.92 73.76
73.76 75.16
75.16 78.00
78.00 78.88
78.88 82.20
82.20 83.20
83.20 84.44
84.44 86.80
86.80 88.96
88.96 89.76
89.76 92.36
92.36 95.08
95.08 96.04
96.04 97.24
97.24 99.56
99.56 101.72
101.72 103.60
103.60 104.36
104.36 107.96
107.96 110.36
110.36 111.12
111.12 111.64
111.64 112.48
112.48 112.84
112.84 113.72
113.72 114.92
114.92 115.80
115.80 117.00
117.00 119.48
119.48 122.40
122.40 124.52
124.52 127.52
127.52 128.12
128.12 129.24
129.24 134.76
134.76 139.32
139.32 141.28
141.28 142.92
142.92 144.12
144.12 145.28
145.28 145.96
145.96 146.68
146.68 148.04
148.04 149.04
149.04 152.60
152.60 153.96
153.96 155.52
155.52 156.20
156.20 156.76
156.76 158.48
158.48 163.88
163.88 166.08
166.08 166.68
166.68 167.16
167.16 167.60
167.60 168.68
168.68 169.56
169.56 171.36
171.36 174.60
174.60 175.88
175.88 177.52
177.52 179.24
179.24 181.92
181.92 182.52
182.52 185.88
185.88 188.24
188.24 192.92
192.92 194.64
194.64 198.92
198.92 201.20
201.20 202.88
202.88 203.44
203.44 204.24
204.24 204.80
204.80 207.36
207.36 211.56
211.56 215.68
215.68 217.36
217.36 221.28
221.28 223.24
223.24 225.32
225.32 227.80
227.80 228.64
228.64 230.28
230.28 235.28
235.28 236.40
236.40 237.36
237.36 238.04
238.04 238.76
238.76 239.60
239.60 241.12
241.12 242.48
242.48 243.92
243.92 244.96
244.96 247.04
247.04 251.48
251.48 254.52
254.52 259.48
259.48 263.80
263.80 264.88
264.88 267.96
267.96 269.24
269.24 271.92
271.92 275.24
275.24 277.04
277.04 280.08
280.08 283.24
283.24 285.28
285.28 287.12
287.12 289.36
289.36 290.84
290.84 291.24
291.24 292.80
292.80 299.92
299.92 308.08