0.23 1.10
1.26 2.58
4.45 7.88
7.88 9.94
10.07 11.15
11.16 14.54
14.90 17.44
17.71 20.17
20.16 22.24
22.45 23.90
24.07 25.04
25.04 26.88
27.10 30.06
30.28 32.10
32.56 35.24
35.33 36.10
36.28 38.88
39.09 40.95
41.28 44.32
44.37 47.55
48.01 49.60
50.00 52.25
52.47 54.64
54.84 57.84
58.08 60.28
60.55 62.67
63.37 66.78
66.77 68.71
68.94 70.32
70.65 72.05
72.27 73.60
73.73 74.76
74.94 78.34
78.55 81.85
82.17 84.61
84.66 86.78
87.05 87.88
88.06 89.72
89.72 91.70
91.83 93.84
94.16 96.25
96.28 97.84
98.07 100.20
100.40 100.98
101.08 103.12
103.28 104.32
104.61 105.60
105.90 107.74
107.80 110.28
110.28 112.95
113.20 114.41
114.64 115.64
116.15 119.04
119.19 120.08
120.16 122.14
122.44 123.38
123.39 126.52
126.77 129.08
129.20 131.05
131.05 134.43
134.69 137.49
137.89 139.28
139.54 144.72
145.08 146.88
147.19 148.16
148.16 151.88
152.47 154.68
155.04 156.21
156.59 158.10
158.12 160.80
161.11 162.24
162.44 163.40
163.62 166.87
167.29 169.93
169.97 172.63
172.86 174.60
174.85 175.88
176.11 177.44
177.61 178.60
178.85 182.04
182.30 184.47
184.71 185.52
185.81 187.18
187.38 188.26
188.28 190.56
190.76 193.61
194.16 197.84
197.95 200.02
200.24 201.51
201.67 202.64
202.63 204.63
204.88 205.97
206.32 207.36
207.36 208.20
208.53 210.12
210.36 211.36
211.63 213.60
213.98 215.84
216.14 218.64
219.16 222.28
222.28 224.16
224.16 226.36
226.47 229.33
229.34 232.28
232.46 234.43
234.73 236.39
236.66 238.16
238.77 241.00
241.21 245.04
245.35 247.43
247.83 250.87
251.12 251.92
252.20 253.91
254.18 255.12
255.36 258.28
258.57 260.00
260.18 261.08
261.30 263.68
263.96 266.16
266.47 268.16
268.49 269.37
269.36 271.40
271.63 273.04
273.42 274.44
274.44 276.28
276.55 278.48
279.03 280.00
280.27 282.40
282.70 283.52
