5.72 8.68
8.76 12.72
12.8 13.51
13.6 15.87
15.96 18.71
18.8 22.71
22.8 27.83
28.24 32.36
32.44 34.43
35.84 40.55
40.64 42.43
42.52 45.51
45.6 48.07
48.16 52.63
55.64 58.63
58.72 60.71
60.8 62.67
63.48 65.47
70 71.99
74.56 76.99
77.08 80.07
81.32 84.04
84.12 88.91
90.32 93.52
95.2 97.92
100.56 103.31
106.12 108.11
108.96 110.84
111.28 113.27
118.96 122.79
126.08 129.23
133.84 137.55
141.88 144.27
154.8 157.23
157.68 160.19
160.28 161.68
161.76 164.64
165 167.72
167.8 170.36
170.44 175.03
175.12 180.4
180.96 184.67
184.76 190.47
196.28 198.67
198.76 201.48
201.56 205.92
206.32 208.75
208.84 211.4
211.48 215.31
215.72 217.91
218 220.99
221.6 224.67
225.08 231.19
236.52 241.23
241.32 246.03
246.84 251.43
251.52 253.79
253.88 258.95
259.84 262.48
262.56 265.07
265.16 270.07
270.16 272.59
272.68 274.99
275.08 279.23
279.72 282.79
282.88 285.07
285.16 289.31
289.8 293.31
294.72 302.15