0 2.66
2.83 5.58
5.75 8.34
8.5 10.51
10.67 13.22
13.38 15.13
15.3 17.8
17.97 19.68
19.85 21.77
22.02 26.52
27.36 30.9
33.53 35.49
35.66 37.28
37.45 38.7
38.87 40.79
40.95 42.62
42.79 45.71
45.88 49.17
49.59 51
51.17 54.38
54.55 56.13
56.55 59.43
59.6 61.77
62.06 66.73
67.06 68.52
78.62 80.49
80.66 83.91
84.79 89.58
89.75 92.75
92.92 94.67
94.84 97.76
97.93 101.76
101.93 103.89
104.06 107.06
107.23 112.07
117.99 122.16
122.45 126
126.46 129.62
130.92 132.79
132.96 135.92
136.17 138.92
139.18 142.8
144.6 145.97
146.64 150.19
150.65 154.82
154.98 156.78
156.94 161.11