0.00 3.52
3.52 6.24
6.24 8.92
8.92 10.88
10.88 13.24
13.24 15.52
15.52 18.28
18.28 21.28
21.28 23.64
23.64 26.04
26.04 27.72
27.72 29.24
29.24 30.56
30.56 36.96
36.96 40.16
40.16 41.40
41.40 45.40
45.40 45.96
45.96 47.12
47.12 49.20
49.20 50.68
50.68 52.24
52.24 55.24
55.24 58.28
58.28 59.96
59.96 61.52
61.52 62.52
62.52 67.40
67.40 70.52
70.52 73.48
73.48 76.00
76.00 78.32
78.32 82.84
82.84 85.88
85.88 86.40
86.40 86.76
86.76 88.12
88.12 91.92
91.92 93.64
93.64 95.56
95.56 99.08
99.08 100.32
100.32 101.20
101.20 103.40
103.40 105.72
105.72 108.64
108.64 109.16
109.16 111.44
111.44 115.56
115.56 118.20
118.20 118.92
118.92 123.16
123.16 123.76
123.76 126.80
126.80 128.44
128.44 129.92
129.92 130.48
130.48 133.04
133.04 135.68
135.68 138.84
138.84 142.24
142.24 145.44
145.44 147.88
147.88 149.92
149.92 151.04
151.04 153.12
153.12 154.80
154.80 158.44
158.44 160.92
160.92 164.48
164.48 167.04
167.04 168.16
168.16 171.00
171.00 174.88
174.88 177.72
177.72 179.92
179.92 181.80
181.80 183.92
183.92 184.32
184.32 188.20
188.20 189.80
189.80 191.80
191.80 193.76
193.76 196.40
196.40 201.36
201.36 203.04
203.04 206.64
206.64 210.04
210.04 213.96
213.96 217.16
217.16 220.48
220.48 224.28
224.28 225.80
225.80 227.36
227.36 228.12
228.12 229.12
229.12 232.68
232.68 236.68
236.68 239.24
239.24 240.08
240.08 243.12
243.12 247.12
247.12 250.84