0.00 3.52
3.52 4.36
4.36 6.16
6.16 8.08
8.08 10.44
10.44 13.80
13.80 16.12
16.12 20.96
20.96 21.96
21.96 22.40
22.40 23.92
23.92 28.80
28.80 31.28
31.28 33.52
33.52 38.88
38.88 40.88
40.88 42.84
42.84 43.68
43.68 48.76
48.76 49.84
49.84 50.56
50.56 51.84
51.84 54.60
54.60 55.84
55.84 59.24
59.24 63.04
63.04 64.92
64.92 66.32
66.32 68.04
68.04 70.96
70.96 72.00
72.00 75.28
75.28 76.20
76.20 78.20
78.20 82.24
82.24 86.12
86.12 88.28
88.28 88.76
88.76 90.80
90.80 94.48
94.48 96.60
96.60 100.16
100.16 102.40
102.40 105.48
105.48 108.92
108.92 111.36
111.36 114.32
114.32 116.40
116.40 117.72
117.72 119.64
119.64 123.68
123.68 125.16
125.16 125.76
125.76 127.92
127.92 133.24
133.24 136.76
136.76 137.64
137.64 138.96
138.96 140.88
140.88 141.28
141.28 142.84
142.84 144.92
144.92 147.40
147.40 149.32
149.32 151.44
151.44 153.60
153.60 155.64
155.64 161.76
161.76 162.48
162.48 164.04
164.04 166.96
166.96 168.88
168.88 171.44
171.44 172.56
172.56 173.48
173.48 174.80
174.80 177.60
177.60 181.96
181.96 185.80
185.80 188.20
188.20 191.44
191.44 194.24
194.24 199.52
199.52 202.08
202.08 203.32
203.32 204.84
204.84 207.40
207.40 207.56
207.56 208.28
208.28 211.92
211.92 213.04
213.04 213.44
213.44 213.80
213.80 215.40
215.40 217.64
217.64 219.24
219.24 222.28
222.28 225.04
225.04 230.24
230.24 236.64