13.3 15.84
15.92 19.34
19.43 22.81
24.02 27.27
27.77 30.81
31.52 33.73
33.82 37.07
37.15 39.4
39.78 40.99
42.16 45.41
45.49 49.62
52.17 55.25
56.09 58.51
58.84 60.97
61.26 64.89
65.06 67.18
69.19 72.02
72.19 74.23
87.91 90.83
90.92 94.92
97.25 100.01
101.55 103.05
105.22 107.89
111.31 113.1
114.06 115.98
116.44 119.07
119.15 121.11
121.2 122.57
122.86 124.07
124.57 126.12
129.79 131.12
131.21 133.29
134.04 135.46
139.34 140.46
140.84 145.09
146.89 148.97
150.06 152.6
153.77 157.98
192.14 195.9
196.02 198.56
198.65 200.61
200.69 203.07
203.15 204.86
204.95 208.57
208.83 211.41
211.95 214.08
214.16 215.96
216.04 217.54
217.63 220.34
220.63 223.3