0.10 3.65
3.98 7.28
7.48 9.25
9.69 12.14
12.58 13.38
13.52 15.46
16.68 18.83
19.16 20.08
20.47 22.96
24.28 26.45
26.54 28.14
28.28 30.64
30.86 32.94
33.32 34.20
34.62 36.46
37.78 40.34
40.42 41.84
41.84 44.39
44.70 46.32
46.40 48.78
48.77 52.97
53.01 54.85
54.96 57.86
58.27 60.95
60.97 62.92
62.92 65.84
66.12 68.48
68.77 69.49
69.60 71.84
72.13 74.73
75.17 78.06
78.04 79.72
80.12 83.73
84.44 86.56
86.89 92.14
92.73 94.87
95.24 95.80
95.83 97.63
97.61 99.44
99.81 102.52
102.85 106.33
106.91 108.67
109.20 110.08
110.62 112.17
113.46 115.38
115.37 117.06
117.24 119.04
118.99 120.40
120.67 121.76
122.19 124.31
124.70 125.91
126.07 128.03
128.44 129.40
129.66 132.29
132.57 135.09
135.21 137.65
137.63 140.28
141.62 144.46
144.45 147.28
147.28 152.42
152.92 156.69
156.86 159.37
159.52 165.61
173.83 179.46
179.67 184.92
185.20 188.89
189.38 190.09
190.19 192.30
192.55 195.97
196.20 200.50
201.53 202.92
203.11 206.85
207.45 209.62
209.65 213.83
214.25 215.92
216.18 217.00
217.12 220.29
224.03 226.11
226.06 228.93
228.95 231.11
231.79 234.27
234.36 236.32
236.32 240.35
240.60 242.32
242.61 245.24
245.47 246.36
246.61 248.76
249.15 251.28
251.28 253.12
253.12 257.04
258.24 259.36
259.36 260.32
260.48 263.28
263.32 264.80
266.24 268.40
268.40 269.88
270.11 273.24
273.24 275.64
275.64 278.60
278.69 281.32
281.48 283.72
283.92 284.56
284.65 286.20
286.29 287.89
288.30 290.25
290.72 293.50
293.68 295.09
295.22 297.12
297.46 298.44
298.66 300.57
300.74 303.70
306.86 309.24
309.69 312.16
