2.79 3.72
4.89 6.52
7.52 8.74
9.78 11.19
13.61 14.35
18.98 20.51
21.51 24.18
25.09 27.49
28.39 30.39
30.62 33.95
36.18 37.81
39.52 41.71
42.35 47.43
48.13 49.58
49.59 50.26
50.26 51.85
52.31 54.42
54.38 55.20
55.22 56.16
56.14 56.91
56.93 57.78
57.79 59.20
60.48 61.58
61.65 64.35
64.34 65.54
65.81 68.05
70.00 71.26
71.30 72.51
74.73 76.36
77.29 80.09
84.21 86.40
91.87 93.87
100.74 103.24
107.39 109.40
119.84 123.58
125.73 128.36
128.38 130.15
133.36 136.91
145.73 149.50
156.21 158.77
158.80 160.48
160.41 162.24
169.87 171.11
171.43 173.52
173.58 175.94
176.00 179.83
179.81 181.36
181.75 183.99
184.05 185.60
185.65 189.40
189.74 191.00
195.80 198.14
199.47 201.22
201.18 203.76
203.84 205.24
205.29 207.18
207.21 211.66
212.10 214.68
215.64 216.73
217.01 219.80
219.76 222.00
222.09 224.80
224.80 229.50
229.57 232.61
232.57 233.69
233.70 235.53
236.21 239.06
242.76 244.69
245.79 248.84
253.96 255.87
258.11 260.35
262.43 264.59
266.15 268.84
268.84 270.28
270.32 272.63
277.19 279.36