0.00 0.68
0.68 1.20
1.20 1.48
1.48 3.16
3.16 6.48
6.48 7.48
7.48 9.60
9.60 10.68
10.68 13.36
13.36 16.16
16.16 17.40
17.40 21.60
21.60 24.56
24.56 25.12
25.12 26.68
26.68 27.72
27.72 31.44
31.44 33.56
33.56 37.56
37.56 38.56
38.56 39.76
39.76 40.76
40.76 43.76
43.76 46.04
46.04 47.24
47.24 49.04
49.04 50.80
50.80 52.76
52.76 55.04
55.04 56.32
56.32 58.40
58.40 60.04
60.04 62.32
62.32 67.16
67.16 70.08
70.08 72.32
72.32 74.44
74.44 76.08
76.08 79.96
79.96 80.80
80.80 81.24
81.24 83.00
83.00 83.96
83.96 85.12
85.12 87.80
87.80 91.20
91.20 95.20
95.20 97.36
97.36 100.00
100.00 102.84
102.84 104.52
104.52 106.80
106.80 111.28
111.28 115.28
115.28 117.52
117.52 118.84
118.84 119.36
119.36 120.68
120.68 122.12
122.12 124.68
124.68 126.68
126.68 128.76
128.76 135.12
135.12 139.44
139.44 142.12
142.12 143.64
143.64 144.96
144.96 146.12
146.12 148.12
148.12 149.64
149.64 150.60
150.60 152.32
152.32 153.72
153.72 155.60
155.60 157.48
157.48 158.52
158.52 159.88
159.88 160.36
160.36 162.72
162.72 166.16
166.16 166.68
166.68 167.96
167.96 169.76
169.76 170.52
170.52 170.96
170.96 172.24
172.24 172.84
172.84 173.44
173.44 174.08
174.08 177.24
177.24 178.68
178.68 179.36
179.36 180.56
180.56 182.76
182.76 184.88
184.88 186.28
186.28 187.92
187.92 189.40
189.40 191.84
191.84 193.40
193.40 196.04
196.04 197.04
197.04 198.32
198.32 201.16
201.16 202.48
202.48 203.04
203.04 204.40
204.40 206.48
206.48 208.52
208.52 211.84
211.84 214.36
214.36 216.24
216.24 219.28
219.28 222.56
222.56 223.32
223.32 225.96
225.96 228.12
228.12 230.12
230.12 230.72
230.72 234.16
234.16 236.20
236.20 237.16
237.16 238.48
238.48 242.16
242.16 243.60
243.60 244.52
244.52 246.60
246.60 248.88
248.88 250.12
250.12 250.76
250.76 252.64
252.64 254.16
254.16 258.04