0.00 2.80
2.80 5.72
5.72 8.32
8.32 11.44
11.44 15.88
15.88 19.00
19.00 21.24
21.24 21.84
21.84 22.48
22.48 25.40
25.40 27.48
27.48 30.72
30.72 32.64
32.64 39.36
39.36 40.12
40.12 40.32
40.32 44.12
44.12 46.56
46.56 48.96
48.96 54.32
54.32 56.88
56.88 59.12
59.12 61.00
61.00 62.20
62.20 63.76
63.76 65.04
65.04 66.32
66.32 66.60
66.60 67.52
67.52 67.84
67.84 70.92
70.92 73.04
73.04 74.00
74.00 75.72
75.72 79.20
79.20 81.44
81.44 83.36
83.36 84.56
84.56 85.28
85.28 86.36
86.36 87.64
87.64 88.08
88.08 89.04
89.04 89.40
89.40 90.32
90.32 91.96
91.96 94.24
94.24 95.76
95.76 97.00
97.00 97.12
97.12 97.88
97.88 99.84
99.84 101.80
101.80 103.88
103.88 105.28
105.28 106.64
106.64 107.40
107.40 108.32
108.32 109.08
109.08 110.12
110.12 111.48
111.48 113.08
113.08 114.88
114.88 117.76
117.76 120.24
120.24 120.76
120.76 121.32
121.32 123.64
123.64 127.40
127.40 130.12
130.12 131.48
131.48 132.20
132.20 132.96
132.96 133.96
133.96 137.92
137.92 139.36
139.36 141.20
141.20 141.88
141.88 142.80
142.80 143.76
143.76 145.44
145.44 145.96
145.96 146.88
146.88 148.40
148.40 152.72
152.72 155.12
155.12 158.56
158.56 159.36
159.36 161.04
161.04 161.96
161.96 163.68
163.68 167.60
167.60 168.84
168.84 169.84
169.84 171.48
171.48 174.20
174.20 175.84
175.84 179.40
179.40 181.48
181.48 183.64
183.64 185.88
185.88 187.12
187.12 188.72
188.72 192.56
192.56 193.64
193.64 194.32
194.32 196.00
196.00 197.72
197.72 198.92
198.92 200.68
200.68 204.16
204.16 205.04
205.04 207.56
207.56 213.28
213.28 214.08
214.08 216.80
216.80 219.44
219.44 224.08
224.08 226.44
226.44 226.80
226.80 229.28
229.28 231.36
231.36 233.60
233.60 235.24
235.24 236.32
236.32 238.56
238.56 243.00
243.00 246.60
246.60 249.08
249.08 251.76
251.76 253.72
253.72 256.52
256.52 257.64
257.64 259.56
259.56 261.80
261.80 262.68
262.68 263.92
263.92 266.04
266.04 266.88
266.88 268.04
268.04 269.28
269.28 270.68
270.68 273.68
273.68 274.48
274.48 276.00
276.00 277.80
277.80 281.16
281.16 282.28
282.28 284.92
284.92 287.68
287.68 290.12
290.12 293.84