0.00 3.24
3.24 3.60
3.60 4.68
4.68 5.20
5.20 7.24
7.24 10.04
10.04 13.32
13.32 14.84
14.84 18.52
18.52 19.48
19.48 21.36
21.36 23.84
23.84 25.04
25.04 26.24
26.24 28.12
28.12 29.52
29.52 31.76
31.76 34.44
34.44 35.20
35.20 36.56
36.56 40.40
40.40 41.64
41.64 43.80
43.80 45.12
45.12 46.12
46.12 47.40
47.40 48.60
48.60 49.36
49.36 50.56
50.56 51.60
51.60 54.44
54.44 56.08
56.08 57.60
57.60 61.04
61.04 64.44
64.44 65.44
65.44 68.72
68.72 69.16
69.16 70.28
70.28 72.68
72.68 75.68
75.68 77.88
77.88 81.96
81.96 83.84
83.84 84.84
84.84 85.24
85.24 86.64
86.64 88.56
88.56 89.32
89.32 89.96
89.96 90.32
90.32 93.88
93.88 95.96
95.96 97.64
97.64 100.40
100.40 101.52
101.52 103.52
103.52 105.64
105.64 107.64
107.64 109.20
109.20 110.88
110.88 113.24
113.24 115.12
115.12 116.28
116.28 119.00
119.00 120.56
120.56 123.16
123.16 125.12
125.12 127.08
127.08 128.00
128.00 131.20
131.20 133.88
133.88 135.44
135.44 138.88
138.88 140.44
140.44 142.28
142.28 145.00
145.00 147.80
147.80 149.60
149.60 152.92
152.92 155.12
155.12 156.48
156.48 157.24
157.24 158.44
158.44 159.96
159.96 161.48
161.48 165.32
165.32 165.84
165.84 167.08
167.08 170.00
170.00 173.72
173.72 176.40
176.40 179.04
179.04 183.08
183.08 185.36
185.36 187.56
187.56 189.96
189.96 193.28
193.28 198.32
198.32 201.32
201.32 203.76
203.76 205.16
205.16 208.92
208.92 209.44
209.44 212.20
212.20 213.32
213.32 214.96
214.96 215.48
215.48 215.96
215.96 219.20
219.20 220.64
220.64 223.80
223.80 227.28
227.28 228.92
228.92 231.84
231.84 235.64
235.64 239.12