0.00 0.96
0.96 3.96
3.96 6.68
6.68 8.68
8.68 10.12
10.12 12.48
12.48 14.52
14.52 16.12
16.12 18.08
18.08 21.60
21.60 22.76
22.76 25.36
25.36 27.24
27.24 30.40
30.40 33.28
33.28 35.60
35.60 36.72
36.72 38.52
38.52 39.64
39.64 41.24
41.24 43.84
43.84 44.32
44.32 47.00
47.00 50.32
50.32 53.20
53.20 54.72
54.72 55.56
55.56 57.96
57.96 58.64
58.64 59.64
59.64 61.24
61.24 62.28
62.28 64.72
64.72 68.32
68.32 68.96
68.96 69.40
69.40 70.92
70.92 73.00
73.00 74.24
74.24 76.12
76.12 77.64
77.64 79.08
79.08 79.32
79.32 80.72
80.72 82.44
82.44 83.00
83.00 84.92
84.92 86.00
86.00 86.44
86.44 87.24
87.24 87.44
87.44 88.64
88.64 90.88
90.88 91.72
91.72 92.80
92.80 94.92
94.92 97.80
97.80 98.44
98.44 100.28
100.28 102.16
102.16 104.72
104.72 105.88
105.88 106.28
106.28 107.04
107.04 109.44
109.44 109.96
109.96 111.36
111.36 112.76
112.76 113.88
113.88 114.88
114.88 117.56
117.56 119.40
119.40 120.52
120.52 121.20
121.20 123.72
123.72 124.92
124.92 127.28
127.28 128.96
128.96 130.12
130.12 131.36
131.36 134.08
134.08 134.76
134.76 137.12
137.12 138.96
138.96 140.44
140.44 141.88
141.88 142.48
142.48 143.84
143.84 146.04
146.04 150.40
150.40 151.08
151.08 151.68
151.68 154.24
154.24 154.92
154.92 155.52
155.52 157.16
157.16 159.80
159.80 162.52
162.52 164.60
164.60 167.04
167.04 168.48
168.48 169.92
169.92 174.36
174.36 175.24
175.24 176.32
176.32 179.80
179.80 180.64
180.64 186.12
186.12 188.92
188.92 190.40
190.40 192.96
192.96 197.48
197.48 201.24
201.24 201.92
201.92 204.60
204.60 207.16
207.16 212.04
212.04 213.88
213.88 215.44
215.44 218.76
218.76 221.88
221.88 222.72
222.72 223.88
223.88 225.80
225.80 228.76
228.76 231.44
231.44 234.04
234.04 236.16
236.16 239.64
239.64 242.36
242.36 245.52
245.52 248.00
248.00 248.68
248.68 249.28
249.28 251.48
251.48 253.20
253.20 254.20
254.20 255.40
255.40 255.92
255.92 257.08
257.08 260.68
260.68 263.44
263.44 266.96
266.96 268.40
268.40 273.24
273.24 273.84
273.84 275.92
275.92 281.36
281.36 285.60
285.60 290.32