0.00 2.76
2.76 3.36
3.36 4.60
4.60 8.28
8.28 10.20
10.20 12.76
12.76 14.00
14.00 16.32
16.32 18.20
18.20 23.04
23.04 25.44
25.44 29.44
29.44 31.64
31.64 34.76
34.76 35.84
35.84 38.76
38.76 40.96
40.96 44.00
44.00 44.64
44.64 46.00
46.00 48.16
48.16 50.84
50.84 51.48
51.48 54.84
54.84 57.20
57.20 60.04
60.04 61.72
61.72 64.56
64.56 68.72
68.72 71.04
71.04 75.72
75.72 76.72
76.72 77.80
77.80 79.08
79.08 79.24
79.24 81.80
81.80 84.68
84.68 87.88
87.88 89.00
89.00 90.52
90.52 91.28
91.28 92.96
92.96 95.28
95.28 97.64
97.64 99.44
99.44 100.48
100.48 101.16
101.16 103.44
103.44 105.48
105.48 106.28
106.28 107.24
107.24 109.00
109.00 109.56
109.56 111.12
111.12 113.56
113.56 114.04
114.04 114.92
114.92 116.28
116.28 118.56
118.56 119.68
119.68 122.48
122.48 123.96
123.96 124.84
124.84 127.76
127.76 129.20
129.20 130.76
130.76 134.52
134.52 137.60
137.60 139.56
139.56 142.72
142.72 143.72
143.72 145.52
145.52 147.88
147.88 149.20
149.20 150.28
150.28 151.56
151.56 154.08
154.08 154.76
154.76 157.24
157.24 160.72
160.72 162.68
162.68 164.36
164.36 166.92
166.92 168.44
168.44 171.64
171.64 174.00
174.00 175.60
175.60 180.60
180.60 185.08
185.08 187.64
187.64 188.32
188.32 189.92
189.92 191.64
191.64 193.56
193.56 194.04
194.04 195.76
195.76 197.16
197.16 203.04
203.04 205.80
205.80 208.52
208.52 209.44
209.44 211.00
211.00 211.92
211.92 213.44
213.44 214.08
214.08 214.88
214.88 216.88
216.88 218.84
218.84 220.88
220.88 223.08
223.08 225.12
225.12 225.76
225.76 228.28
228.28 230.96
230.96 232.80
232.80 234.16
234.16 235.16
235.16 236.96
236.96 239.04
239.04 241.96
241.96 245.12
245.12 246.24
246.24 247.00
247.00 249.12
249.12 249.24
249.24 249.64
249.64 251.88
251.88 256.88
256.88 259.28
259.28 260.84
260.84 261.20
261.20 262.00
262.00 264.92
264.92 265.24
265.24 266.40
266.40 267.08
267.08 269.76
269.76 272.20
272.20 273.80
273.80 276.48
276.48 278.76
278.76 280.28
280.28 283.80
283.80 288.12
288.12 290.40