19.99 22.66
23.03 25.41
25.49 28
28.08 29.83
31.13 33.92
34 35.96
36.84 39.76
39.93 43.22
43.3 45.26
45.35 47.97
48.52 50.02
64.66 66.87
66.95 69.29
73.13 76.3
76.38 79.46
79.55 82.3
82.43 85.3
85.39 86.97
87.06 90.73
91.02 93.35
96.02 99.4
100.03 102.34
102.43 104.93
105.01 106.72
106.97 108.89
110.39 112.19
112.6 114.27
114.4 117.94
124.07 125.94
153.6 155.6
155.68 158.31
158.39 160.35
160.44 163.02
164.19 166.15
166.23 167.28
167.36 169.95
170.03 171.16
171.24 172.53
175.95 178.75
178.96 180.79
180.88 183.5
183.8 186.51
214.41 215.57