0.86 1.84
3.00 5.34
5.40 8.06
8.28 11.20
12.17 14.08
14.32 14.80
15.22 17.16
17.31 19.22
19.52 22.06
22.80 24.11
24.17 25.25
25.32 27.20
27.22 28.54
28.86 30.58
31.54 34.77
34.97 36.72
37.06 37.92
37.95 38.99
39.36 41.66
41.92 44.91
45.34 47.98
48.03 52.18
52.54 54.46
54.83 56.71
56.74 58.50
58.80 60.72
61.34 62.12
63.00 66.86
67.07 68.80
69.09 71.58
71.70 74.38
75.06 77.68
77.95 79.62
80.21 81.34
81.57 83.79
83.96 88.43
88.90 92.54
92.74 95.50
95.56 102.15
102.50 105.00
105.18 107.00
107.96 109.98
110.33 113.20
113.57 116.10
116.48 120.26
120.94 123.97
124.42 128.21
128.40 132.39
132.42 135.81
136.05 138.46
139.00 143.46
143.57 146.58
146.76 148.16
148.61 150.02
150.06 153.27
153.36 155.26
155.35 157.70
157.76 160.02
160.24 164.06
164.78 167.50
167.58 173.90
174.82 179.14
179.27 181.26
181.34 182.75
183.05 184.98
185.13 187.00
187.33 190.84
191.14 194.52
194.75 199.54
200.61 203.44
203.79 206.45
206.69 209.99
210.05 211.44
211.56 213.84
214.09 217.24
218.19 223.86
224.49 225.41
225.62 230.18
230.42 232.78
232.88 234.10
234.93 239.94
240.35 244.86
245.10 248.18
248.30 250.99
251.40 254.64
254.85 256.76
257.43 259.80
259.93 262.12
262.12 263.16
263.70 266.52
266.66 269.44
270.02 272.96
273.30 275.56
275.82 277.92
278.87 282.94
283.40 287.00
287.48 290.08
290.24 292.53
292.79 294.91
295.18 296.28
296.50 298.56
299.29 300.70
300.96 304.20
304.48 306.94
307.09 309.52
310.10 313.14
313.96 316.80
316.87 319.06
319.16 320.68
320.85 323.16
323.73 326.28
326.49 330.38
332.00 333.03
