11.89 14.69
14.77 17.28
17.89 20.08
33.73 35.72
35.81 37.8
37.89 39.88
39.97 41.96
42.85 45.52
46.53 48.52
51.17 54.28
54.37 56.72
65.73 67.96
76.25 78.24
80.65 82.8
82.89 85.45
85.53 88.36
88.45 90.44
91.37 93.76
93.85 96.49
161.09 163.08
181.13 182.69
183.17 185.16
186.53 188.25
193.53 195.09
206.09 207.81
208.89 210.08
210.17 211.92
219.81 221.4
228.65 231.12
231.21 233.28
234.13 236.12
236.21 238.4
238.49 239.4
240.29 241.52
248.73 249.88
249.97 252.12
252.21 254.2
257.13 260.04
260.13 262.88
264.85 266.84
267.53 269.76
273.13 275.64
278.41 280.2
281.61 283.6
283.69 285.56
285.65 287.64
288.41 290.4
291.41 295.08
295.17 296.12
296.21 299.36
300.73 303.64
304.41 308.04
308.13 310.4
311.89 314.2
314.29 316.28
316.85 320.28
320.37 326.48
329.85 333.68
333.77 336.24
336.33 338.48