0.00 2.64
2.64 4.04
4.04 6.24
6.24 8.52
8.52 11.60
11.60 14.16
14.16 17.76
17.76 18.56
18.56 19.96
19.96 20.40
20.40 23.92
23.92 27.16
27.16 29.16
29.16 33.04
33.04 36.80
36.80 38.56
38.56 39.44
39.44 42.48
42.48 45.60
45.60 47.08
47.08 48.96
48.96 51.44
51.44 53.44
53.44 55.08
55.08 55.72
55.72 58.08
58.08 60.00
60.00 61.52
61.52 62.24
62.24 62.64
62.64 65.56
65.56 66.32
66.32 67.32
67.32 68.40
68.40 69.24
69.24 70.92
70.92 72.76
72.76 74.80
74.80 75.64
75.64 78.04
78.04 79.64
79.64 82.08
82.08 85.48
85.48 89.32
89.32 89.76
89.76 90.28
90.28 93.76
93.76 95.64
95.64 97.16
97.16 98.00
98.00 99.32
99.32 101.32
101.32 102.88
102.88 104.84
104.84 107.68
107.68 109.56
109.56 113.24
113.24 114.44
114.44 116.00
116.00 118.80
118.80 119.84
119.84 121.84
121.84 122.88
122.88 126.00
126.00 128.00
128.00 130.76
130.76 133.36
133.36 136.40
136.40 138.56
138.56 140.92
140.92 146.56
146.56 148.20
148.20 150.24
150.24 151.44
151.44 152.32
152.32 156.12
156.12 159.00
159.00 161.24
161.24 166.08
166.08 169.24
169.24 171.92
171.92 173.84
173.84 177.76
177.76 179.80
179.80 180.76
180.76 183.08
183.08 183.44
183.44 186.56
186.56 191.20
191.20 192.16
192.16 194.56
194.56 196.56
196.56 198.52
198.52 199.68
199.68 200.84
200.84 201.60
201.60 203.56
203.56 204.76
204.76 206.32
206.32 208.00
208.00 209.96
209.96 211.60
211.60 212.84
212.84 214.56
214.56 215.88
215.88 216.88
216.88 221.28
221.28 225.40
225.40 226.64
226.64 229.12
229.12 232.24
232.24 234.48
234.48 238.84
238.84 240.88
240.88 244.64
244.64 250.16