0.00 2.40
2.40 6.48
6.48 8.40
8.40 12.60
12.60 19.68
19.68 23.36
23.36 25.48
25.48 32.80
32.80 34.20
34.20 35.64
35.64 39.72
39.72 42.28
42.28 45.32
45.32 49.52
49.52 52.04
52.04 53.72
53.72 54.88
54.88 57.92
57.92 62.72
62.72 68.12
68.12 73.48
73.48 78.64
78.64 80.48
80.48 81.16
81.16 83.88
83.88 85.12
85.12 88.72
88.72 90.40
90.40 92.72
92.72 95.32
95.32 96.92
96.92 99.76
99.76 102.68
102.68 105.28
105.28 108.36
108.36 111.60
111.60 112.40
112.40 113.32
113.32 115.12
115.12 123.56
123.56 126.24
126.24 128.68
128.68 130.08
130.08 134.16
134.16 137.88
137.88 140.52
140.52 142.00
142.00 144.28
144.28 147.68
147.68 149.84
149.84 153.20
153.20 153.52
153.52 155.12
155.12 159.20
159.20 163.88
163.88 166.92
166.92 168.84
168.84 172.24
172.24 175.40
175.40 178.88
178.88 182.16
182.16 186.72
186.72 191.04
191.04 192.84
192.84 193.60
193.60 194.44
194.44 196.12
196.12 198.32
198.32 200.08
200.08 202.04
202.04 206.28
206.28 210.80
210.80 212.32
212.32 215.16
215.16 217.20
217.20 222.08
222.08 224.96
224.96 229.48
229.48 232.48
232.48 234.28
234.28 238.16
238.16 239.88
239.88 243.44
243.44 245.52
245.52 248.44
248.44 251.08
251.08 251.96
251.96 253.04
253.04 258.40
258.40 260.72
260.72 262.20
262.20 263.44
263.44 264.24
264.24 265.40
265.40 268.24
268.24 271.00
271.00 276.04
276.04 278.28