0.00 0.76
0.76 2.39
2.39 4.17
4.18 6.81
6.90 9.58
9.73 10.60
10.60 12.32
12.32 13.84
13.84 15.80
16.04 19.46
19.60 21.98
22.27 24.15
24.40 27.02
27.25 29.66
29.83 31.87
31.96 32.94
33.06 35.83
36.02 37.96
37.96 39.34
39.34 41.48
41.50 43.98
44.19 48.11
48.16 50.97
51.15 54.77
55.21 56.34
56.33 59.42
59.63 61.10
61.18 63.26
63.42 66.70
66.76 69.46
69.48 73.06
73.10 76.13
76.14 78.77
79.28 82.42
82.66 85.28
85.34 86.23
86.44 87.20
87.46 89.56
89.73 92.22
92.46 93.22
93.46 94.87
95.09 96.33
96.40 97.16
97.36 98.21
98.28 99.16
99.46 101.06
101.20 102.48
102.48 105.46
105.63 107.04
107.30 108.82
109.16 110.16
110.17 113.75
114.24 115.84
115.84 117.36
117.71 120.31
120.53 121.95
122.11 122.99
123.30 125.94
125.95 127.49
127.66 130.86
131.09 133.68
134.12 136.36
136.54 138.48
138.48 140.91
140.96 141.76
142.25 144.24
144.24 146.42
146.42 147.41
147.62 148.76
149.08 151.61
151.82 153.72
153.94 154.72
155.01 156.54
156.65 157.61
157.83 160.08
160.40 163.26
163.66 164.60
164.93 167.73
168.02 170.06
170.38 172.75
173.10 173.66
173.98 177.35
177.39 179.84
180.02 181.37
181.34 184.10
188.01 189.44
189.64 191.00
191.27 192.31
192.34 193.24
193.24 195.24
195.46 197.66
198.06 200.73
201.34 202.40
202.59 204.24
204.24 206.84
206.84 208.00
208.24 210.16
210.42 211.28
211.54 214.51
214.74 216.36
216.52 219.07
219.47 221.15
221.20 223.92
224.11 225.24
225.24 227.28
227.28 228.60
228.90 232.86
232.98 234.38
236.03 237.00
237.32 239.90
240.14 242.28
242.55 245.12
245.12 248.74
248.90 249.78
250.03 252.18
265.07 267.20
267.55 268.99
269.63 271.08
271.31 274.20
274.46 276.48
279.44 280.77
