2.61 3.96
4.70 6.49
7.36 8.85
9.62 11.29
13.48 14.35
19.37 20.98
23.71 27.15
31.66 33.15
33.23 34.29
35.14 36.29
36.32 37.45
37.76 38.69
38.75 39.89
40.03 42.31
43.87 45.07
45.08 47.83
48.37 51.01
52.33 54.88
55.41 57.35
57.58 59.21
59.29 60.78
60.79 63.25
63.34 64.37
64.39 65.37
66.26 67.87
68.21 69.18
69.18 71.16
71.71 73.32
73.32 76.13
78.44 82.10
82.21 84.76
85.38 87.86
87.91 90.09
91.94 95.43
95.53 96.71
97.47 98.89
99.66 101.15
101.27 102.60
102.60 105.43
105.49 107.57
108.15 109.71
109.75 111.11
111.31 111.83
112.81 114.95
115.30 116.86
116.95 118.10
118.11 120.87
121.03 123.48
123.99 125.29
125.55 127.12
128.26 130.05
130.15 132.46
134.73 137.37
137.38 140.85
141.73 142.44
142.48 143.95
143.95 145.12
145.18 146.49
149.54 151.31
151.52 153.18
153.18 154.06
154.10 157.35
158.19 159.91
159.92 161.01
161.52 162.28
162.27 165.56
167.17 169.71
170.57 172.13
175.91 177.54
179.25 180.23
180.64 183.72
185.58 187.11
188.07 189.76
191.64 193.07
193.30 194.86
195.42 196.68
196.82 198.05
198.18 199.30
199.47 202.12
202.25 203.32
205.16 207.67
208.45 209.97
210.61 212.48
212.49 213.99
214.00 215.26
217.16 220.22
220.35 221.03
221.11 222.77
222.98 224.22
224.29 226.62
232.19 233.18
233.39 236.08
236.09 237.24
237.59 238.38
238.41 241.06
243.26 244.41
244.90 247.03
247.52 248.11
248.18 249.62
249.84 251.53
251.93 253.60
253.80 255.28
255.78 258.62
262.99 264.34
264.41 265.40
267.34 269.78
269.83 270.82
270.88 273.10
273.38 276.75
277.00 278.61
278.62 281.01