0.00 3.08
3.08 8.84
8.84 9.00
9.00 10.96
10.96 13.04
13.04 16.28
16.28 17.76
17.76 20.72
20.72 22.04
22.04 23.40
23.40 27.84
27.84 30.88
30.88 34.32
34.32 40.20
40.20 40.44
40.44 41.96
41.96 43.40
43.40 48.36
48.36 50.04
50.04 51.80
51.80 53.60
53.60 54.88
54.88 56.84
56.84 61.28
61.28 63.12
63.12 64.76
64.76 68.60
68.60 72.40
72.40 74.52
74.52 76.80
76.80 79.08
79.08 80.36
80.36 83.44
83.44 85.72
85.72 89.76
89.76 96.88
96.88 101.72
101.72 103.04
103.04 106.24
106.24 108.76
108.76 109.88
109.88 113.48
113.48 116.08
116.08 120.04
120.04 122.32
122.32 122.76
122.76 123.64
123.64 124.24
124.24 126.96
126.96 127.72
127.72 128.48
128.48 130.48
130.48 132.20
132.20 134.08
134.08 136.40
136.40 137.52
137.52 141.24
141.24 142.64
142.64 144.00
144.00 146.04
146.04 148.44
148.44 149.72
149.72 150.08
150.08 150.84
150.84 153.12
153.12 153.28
153.28 154.08
154.08 156.00
156.00 158.04
158.04 161.44
161.44 163.60
163.60 166.84
166.84 169.52
169.52 173.36
173.36 174.08
174.08 176.48
176.48 178.68
178.68 180.64
180.64 182.68
182.68 185.76
185.76 186.56
186.56 189.28
189.28 190.44
190.44 197.16
197.16 199.28
199.28 200.12
200.12 203.44
203.44 208.40
208.40 209.28
209.28 209.96
209.96 214.24
214.24 216.88
216.88 218.24
218.24 219.00
219.00 223.00
223.00 227.80
227.80 229.88
229.88 231.80
231.80 234.56
234.56 237.64
237.64 240.04
240.04 241.44
241.44 244.08
244.08 245.28
245.28 249.92
249.92 251.88
251.88 255.32
255.32 257.68
257.68 260.40
260.40 262.88
262.88 269.28
269.28 276.40
276.40 281.96
281.96 287.52
287.52 289.24
289.24 290.64
290.64 292.44
292.44 292.64
292.64 293.12
293.12 295.56
295.56 303.68