0.00 3.04
3.04 7.16
7.16 8.00
8.00 9.16
9.16 10.92
10.92 17.36
17.36 20.04
20.04 23.88
23.88 24.68
24.68 31.24
31.24 33.92
33.92 36.24
36.24 37.80
37.80 39.76
39.76 45.24
45.24 47.32
47.32 51.04
51.04 54.56
54.56 56.04
56.04 57.72
57.72 60.40
60.40 61.08
61.08 63.44
63.44 66.88
66.88 71.52
71.52 72.24
72.24 73.64
73.64 76.80
76.80 79.96
79.96 83.56
83.56 84.32
84.32 85.88
85.88 86.92
86.92 89.72
89.72 91.16
91.16 93.16
93.16 94.68
94.68 95.36
95.36 97.32
97.32 99.24
99.24 100.64
100.64 105.40
105.40 109.16
109.16 114.76
114.76 116.12
116.12 119.60
119.60 121.16
121.16 122.08
122.08 124.16
124.16 125.80
125.80 128.52
128.52 130.68
130.68 131.48
131.48 132.72
132.72 133.60
133.60 135.36
135.36 135.96
135.96 136.88
136.88 137.80
137.80 140.36
140.36 146.76
146.76 149.04
149.04 149.60
149.60 150.56
150.56 152.08
152.08 155.76
155.76 157.76
157.76 158.44
158.44 159.32
159.32 160.76
160.76 163.44
163.44 166.04
166.04 167.28
167.28 171.16
171.16 173.96
173.96 176.40
176.40 180.80
180.80 183.72
183.72 185.04
185.04 185.88
185.88 189.92
189.92 193.12
193.12 195.20
195.20 197.96
197.96 198.72
198.72 199.56
199.56 204.52
204.52 207.32
207.32 211.96
211.96 212.52
212.52 216.04
216.04 218.12
218.12 219.12
219.12 221.60
221.60 222.28
222.28 224.92
224.92 230.32
230.32 236.92
236.92 239.24
239.24 240.08
240.08 242.20
242.20 244.72
244.72 247.84
247.84 250.40
250.40 253.80
253.80 257.72
257.72 260.40
260.40 261.64
261.64 264.16
264.16 267.40
267.40 269.12
269.12 270.64
270.64 272.76
272.76 276.80
276.80 280.12
280.12 286.20
286.20 290.52
290.52 294.96
294.96 296.32
296.32 303.60
303.60 305.28
305.28 308.32
308.32 311.40
311.40 316.24
316.24 325.36
325.36 328.36
328.36 334.92