0.00 3.72
3.72 5.92
5.92 7.76
7.76 10.44
10.44 20.68
20.68 22.92
22.92 23.24
23.24 27.48
27.48 30.36
30.36 32.20
32.20 34.96
34.96 35.96
35.96 37.80
37.80 38.76
38.76 39.04
39.04 39.92
39.92 42.56
42.56 45.40
45.40 50.40
50.40 52.44
52.44 54.12
54.12 57.96
57.96 61.24
61.24 61.64
61.64 64.48
64.48 65.08
65.08 65.92
65.92 66.92
66.92 67.36
67.36 68.88
68.88 72.00
72.00 74.20
74.20 75.96
75.96 77.20
77.20 78.32
78.32 79.72
79.72 84.64
84.64 87.64
87.64 89.56
89.56 91.44
91.44 91.80
91.80 92.72
92.72 95.76
95.76 97.36
97.36 99.36
99.36 100.96
100.96 106.36
106.36 108.28
108.28 109.36
109.36 110.68
110.68 113.12
113.12 117.88
117.88 120.88
120.88 124.44
124.44 126.84
126.84 129.12
129.12 129.72
129.72 130.84
130.84 134.84
134.84 138.32
138.32 141.36
141.36 143.56
143.56 145.36
145.36 149.28
149.28 150.56
150.56 155.12
155.12 157.12
157.12 159.60
159.60 161.36
161.36 164.60
164.60 166.60
166.60 169.04
169.04 172.52
172.52 174.56
174.56 177.08
177.08 180.04
180.04 181.56
181.56 183.64
183.64 186.12
186.12 188.60
188.60 189.40
189.40 190.76
190.76 194.20
194.20 198.20
198.20 203.16
203.16 205.08
205.08 208.32
208.32 212.64
212.64 215.12
215.12 217.52
217.52 219.40
219.40 222.48
222.48 225.56
225.56 227.92
227.92 229.68
229.68 232.44
232.44 232.68
232.68 234.40
234.40 237.96
237.96 241.24
241.24 243.36