0.00 0.72
0.72 2.48
2.48 6.28
6.28 9.64
9.64 11.44
11.44 11.96
11.96 15.56
15.56 18.32
18.32 19.24
19.24 19.76
19.76 21.92
21.92 23.68
23.68 26.28
26.28 28.12
28.12 28.80
28.80 29.56
29.56 31.60
31.60 32.60
32.60 34.12
34.12 35.04
35.04 35.48
35.48 36.24
36.24 38.88
38.88 43.12
43.12 45.16
45.16 45.60
45.60 46.92
46.92 49.56
49.56 51.04
51.04 52.76
52.76 57.20
57.20 59.92
59.92 62.16
62.16 67.00
67.00 69.44
69.44 73.96
73.96 75.48
75.48 77.56
77.56 79.60
79.60 85.04
85.04 87.92
87.92 89.56
89.56 93.80
93.80 94.36
94.36 94.68
94.68 96.24
96.24 98.52
98.52 99.84
99.84 100.88
100.88 101.20
101.20 102.04
102.04 103.16
103.16 105.24
105.24 106.48
106.48 107.36
107.36 108.60
108.60 110.24
110.24 110.96
110.96 114.76
114.76 117.16
117.16 119.48
119.48 120.96
120.96 122.88
122.88 123.52
123.52 125.36
125.36 126.28
126.28 127.84
127.84 129.84
129.84 132.96
132.96 135.00
135.00 136.24
136.24 137.20
137.20 138.68
138.68 138.96
138.96 141.12
141.12 142.96
142.96 144.16
144.16 144.88
144.88 145.64
145.64 146.24
146.24 147.60
147.60 150.36
150.36 151.80
151.80 153.28
153.28 154.20
154.20 156.92
156.92 157.68
157.68 159.28
159.28 161.56
161.56 163.60
163.60 164.96
164.96 168.12
168.12 168.64
168.64 169.00
169.00 169.80
169.80 173.32
173.32 173.96
173.96 175.56
175.56 181.52
181.52 185.20
185.20 188.28
188.28 189.24
189.24 189.88
189.88 191.80
191.80 194.04
194.04 195.76
195.76 197.88
197.88 199.56
199.56 204.12
204.12 207.04
207.04 208.64
208.64 211.12
211.12 217.44
217.44 218.60
218.60 220.52
220.52 222.32
222.32 223.36
223.36 225.92
225.92 228.28
228.28 228.76
228.76 229.32
229.32 233.24
233.24 234.96
234.96 237.04
237.04 237.80
237.80 239.44
239.44 241.96
241.96 244.60
244.60 246.04
246.04 249.56
249.56 251.04
251.04 252.04
252.04 253.76
253.76 255.40
255.40 257.28
257.28 259.92
259.92 262.64
262.64 263.60
263.60 264.92
264.92 266.20
266.20 267.40
267.40 267.64
267.64 270.56
270.56 271.96
271.96 272.36
272.36 274.28
274.28 275.56
275.56 279.48
279.48 281.76
281.76 283.64
283.64 288.40
288.40 291.00
291.00 295.20
295.20 295.80
295.80 298.68
298.68 301.80
301.80 305.68
305.68 306.36
306.36 307.12
307.12 307.72
307.72 309.80
309.80 310.80
310.80 313.12
313.12 315.52
315.52 318.08
318.08 319.72
319.72 321.80
321.80 322.60
322.60 324.36
324.36 325.04
325.04 325.24
325.24 327.00
327.00 327.24
327.24 327.96
327.96 329.28
329.28 331.88
331.88 336.68
336.68 339.72
339.72 340.52
340.52 341.56
341.56 343.72
343.72 347.64
347.64 349.56
349.56 351.32
351.32 354.24
354.24 359.00