0.00 2.92
2.92 4.28
4.28 5.88
5.88 7.20
7.20 11.20
11.20 14.80
14.80 16.88
16.88 20.16
20.16 23.32
23.32 25.16
25.16 27.64
27.64 28.12
28.12 36.96
36.96 38.48
38.48 40.60
40.60 42.60
42.60 46.88
46.88 52.56
52.56 53.08
53.08 55.20
55.20 57.24
57.24 60.76
60.76 61.60
61.60 65.20
65.20 68.40
68.40 69.24
69.24 73.32
73.32 78.52
78.52 82.12
82.12 83.68
83.68 84.64
84.64 85.92
85.92 88.88
88.88 90.84
90.84 91.80
91.80 94.28
94.28 95.28
95.28 96.76
96.76 103.84
103.84 112.56
112.56 117.20
117.20 120.56
120.56 123.52
123.52 126.04
126.04 127.84
127.84 131.84
131.84 133.96
133.96 135.04
135.04 139.08
139.08 144.76
144.76 146.24
146.24 147.36
147.36 151.20
151.20 153.76
153.76 155.84
155.84 160.36
160.36 164.88
164.88 170.40
170.40 172.40
172.40 175.00
175.00 178.08
178.08 180.16
180.16 185.96
185.96 190.08
190.08 192.60
192.60 194.40
194.40 195.52
195.52 197.88
197.88 200.20
200.20 201.72
201.72 202.60
202.60 204.04
204.04 205.48
205.48 207.00
207.00 208.64
208.64 213.60
213.60 215.52
215.52 220.48
220.48 221.72
221.72 222.56
222.56 225.96
225.96 229.24
229.24 231.92
231.92 232.68
232.68 234.64
234.64 236.20
236.20 238.52
238.52 241.04
241.04 244.68
244.68 246.24
246.24 247.04
247.04 248.72
248.72 250.64
250.64 253.08
253.08 257.84
257.84 260.84
260.84 264.00
264.00 265.92
265.92 268.52
268.52 271.04
271.04 275.28
275.28 275.72
275.72 277.00
277.00 280.96
280.96 282.76
282.76 288.16
288.16 291.60
291.60 294.24
294.24 294.96
294.96 296.08
296.08 297.04
297.04 298.48
298.48 299.84
299.84 301.12
301.12 303.56
303.56 306.08
306.08 309.68
309.68 311.44
311.44 314.08
314.08 317.08
317.08 321.76
321.76 325.08
325.08 329.36
329.36 330.04
330.04 331.60
331.60 333.56
333.56 335.16
335.16 338.28
338.28 339.76
339.76 340.32
340.32 342.24
342.24 344.04
344.04 346.16
346.16 349.60
349.60 352.44
352.44 356.56
356.56 358.72
358.72 362.16
362.16 365.52
365.52 368.88
368.88 375.00
375.00 377.84
377.84 382.76
382.76 384.84
384.84 386.44
386.44 389.08
389.08 392.48