0.00 3.04
3.04 4.28
4.28 4.72
4.72 6.44
6.44 7.96
7.96 12.64
12.64 15.84
15.84 17.04
17.04 18.64
18.64 20.80
20.80 24.84
24.84 26.80
26.80 28.68
28.68 30.52
30.52 31.48
31.48 32.40
32.40 34.00
34.00 34.12
34.12 35.24
35.24 38.12
38.12 39.96
39.96 43.20
43.20 46.20
46.20 50.84
50.84 52.32
52.32 54.60
54.60 57.32
57.32 60.28
60.28 63.00
63.00 66.20
66.20 68.28
68.28 70.40
70.40 72.40
72.40 76.76
76.76 79.32
79.32 82.00
82.00 86.32
86.32 88.72
88.72 91.52
91.52 91.64
91.64 92.48
92.48 94.64
94.64 95.84
95.84 97.92
97.92 103.04
103.04 106.88
106.88 110.08
110.08 117.32
117.32 122.52
122.52 125.48
125.48 128.00
128.00 133.84
133.84 139.16
139.16 140.36
140.36 141.72
141.72 143.80
143.80 146.12
146.12 147.92
147.92 148.48
148.48 149.84
149.84 151.44
151.44 153.40
153.40 154.24
154.24 155.16
155.16 156.40
156.40 160.40
160.40 161.48
161.48 162.68
162.68 163.72
163.72 168.00
168.00 170.80
170.80 173.28
173.28 176.48
176.48 179.96
179.96 183.72
183.72 185.84
185.84 187.80
187.80 189.52
189.52 194.72
194.72 196.16
196.16 199.48
199.48 203.20
203.20 205.08
205.08 206.48
206.48 208.36
208.36 211.28
211.28 213.68
213.68 216.12
216.12 220.52
220.52 223.04
223.04 225.72
225.72 227.72
227.72 229.52
229.52 231.00
231.00 232.88
232.88 236.24
236.24 238.80
238.80 245.64
245.64 247.24
247.24 248.56
248.56 250.28
250.28 251.96
251.96 256.48
256.48 258.52
258.52 260.08