0.27 2.66
6.35 8.7
16.63 18.62
20.03 23.02
23.71 27.38
28.03 30.7
31.35 33.34
33.43 36.86
36.95 40.86
40.95 45.86
46.19 47.59
55.51 57.5
59.07 63.14
63.23 66.7
66.79 70.22
72.27 76.66
79.71 83.1
83.95 87.34
88.79 91.9
92.91 96.3
102.95 104.02
106.15 109.3
109.39 111.14
111.23 114.26
115.59 117.15
122.91 124.31
132.15 133.22
134.23 135.79
136.47 140.43
144.47 146.11
146.19 149.66
159.47 160.38
160.47 162.54
163.55 166.7
167.47 168.98
170.55 172.82
197.83 200.02
201.35 203.99
205.99 209.9
210.59 212.46
250.51 251.5
265.07 268.3
268.39 271.06
271.15 273.14
275.83 278.47
278.55 280.58
282.23 284.62
285.07 287.06
299.03 301.02