0.00 2.96
2.96 4.60
4.60 8.68
8.68 10.44
10.44 12.92
12.92 15.28
15.28 16.92
16.92 19.64
19.64 21.08
21.08 24.20
24.20 25.48
25.48 28.44
28.44 32.52
32.52 34.72
34.72 35.40
35.40 36.08
36.08 36.76
36.76 38.16
38.16 40.16
40.16 41.08
41.08 42.80
42.80 44.00
44.00 44.76
44.76 46.20
46.20 46.92
46.92 48.00
48.00 48.80
48.80 50.20
50.20 54.28
54.28 55.76
55.76 56.96
56.96 58.92
58.92 61.20
61.20 63.36
63.36 65.28
65.28 65.52
65.52 67.08
67.08 68.60
68.60 70.56
70.56 72.16
72.16 73.00
73.00 73.68
73.68 74.28
74.28 74.64
74.64 75.84
75.84 77.40
77.40 79.28
79.28 81.12
81.12 82.56
82.56 85.16
85.16 85.80
85.80 86.52
86.52 89.64
89.64 91.96
91.96 94.44
94.44 97.68
97.68 99.44
99.44 101.20
101.20 103.32
103.32 106.84
106.84 107.76
107.76 112.72
112.72 113.60
113.60 114.36
114.36 119.44
119.44 121.24
121.24 124.24
124.24 124.84
124.84 126.44
126.44 128.96
128.96 133.08
133.08 137.32
137.32 139.80
139.80 144.08
144.08 146.84
146.84 147.56
147.56 148.68
148.68 150.64
150.64 153.00
153.00 154.60
154.60 155.28
155.28 158.32
158.32 161.08
161.08 163.72
163.72 165.52
165.52 167.36
167.36 167.92
167.92 171.40
171.40 172.56
172.56 172.96
172.96 173.40
173.40 176.16
176.16 177.36
177.36 179.84
179.84 181.64
181.64 183.56
183.56 184.68
184.68 186.92
186.92 188.08
188.08 190.80
190.80 192.36
192.36 193.32
193.32 194.60
194.60 195.56
195.56 198.12
198.12 200.88
200.88 202.20
202.20 204.08
204.08 206.04
206.04 206.60
206.60 206.96
206.96 208.16
208.16 209.12
209.12 210.48
210.48 217.04
217.04 219.48
219.48 221.52
221.52 222.20
222.20 223.72
223.72 225.72
225.72 226.44
226.44 227.80
227.80 229.60
229.60 230.76
230.76 232.56
232.56 234.00
234.00 234.48
234.48 235.04
235.04 236.88
236.88 238.84
238.84 240.56
240.56 243.36
243.36 245.44
245.44 247.12
247.12 248.72
248.72 250.08
250.08 250.52
250.52 251.40
251.40 252.96
252.96 254.48
254.48 255.00
255.00 256.56
256.56 259.32
259.32 260.44
260.44 261.04
261.04 261.32
261.32 262.08
262.08 263.32
263.32 264.60
264.60 265.72
265.72 266.28
266.28 267.56
267.56 269.60
269.60 271.88
271.88 274.08
274.08 276.44
276.44 277.16
277.16 278.92
278.92 281.28
281.28 284.24
284.24 286.56
286.56 287.52
287.52 290.96