0.00 2.72
2.72 5.72
5.72 8.40
8.40 14.00
14.00 15.60
15.60 15.76
15.76 19.24
19.24 21.60
21.60 22.04
22.04 23.44
23.44 25.68
25.68 27.00
27.00 29.20
29.20 30.80
30.80 32.96
32.96 33.72
33.72 34.24
34.24 35.72
35.72 36.36
36.36 37.04
37.04 37.44
37.44 39.64
39.64 41.00
41.00 43.60
43.60 46.60
46.60 49.24
49.24 50.68
50.68 52.80
52.80 56.16
56.16 59.36
59.36 62.28
62.28 62.40
62.40 63.68
63.68 64.60
64.60 66.40
66.40 67.72
67.72 68.32
68.32 70.48
70.48 72.96
72.96 77.36
77.36 78.96
78.96 82.56
82.56 84.20
84.20 86.76
86.76 88.56
88.56 89.76
89.76 90.52
90.52 91.96
91.96 94.60
94.60 95.80
95.80 97.72
97.72 100.20
100.20 102.96
102.96 106.72
106.72 106.96
106.96 107.36
107.36 109.68
109.68 111.32
111.32 112.64
112.64 116.12
116.12 118.00
118.00 119.36
119.36 121.48
121.48 122.32
122.32 124.36
124.36 129.00
129.00 130.84
130.84 132.76
132.76 133.88
133.88 136.56
136.56 138.76
138.76 140.56
140.56 141.36
141.36 144.48
144.48 146.68
146.68 148.12
148.12 150.32
150.32 154.00
154.00 154.68
154.68 158.72
158.72 160.48
160.48 161.36
161.36 162.56
162.56 166.80
166.80 168.56
168.56 171.96
171.96 174.64
174.64 177.20
177.20 183.44
183.44 185.52
185.52 188.64
188.64 189.88
189.88 190.40
190.40 191.40
191.40 192.48
192.48 193.64
193.64 194.88
194.88 195.20
195.20 197.72
197.72 200.80
200.80 201.48
201.48 202.96
202.96 205.00
205.00 205.56
205.56 206.12
206.12 208.80
208.80 213.48
213.48 215.88
215.88 218.24
218.24 219.20
219.20 221.32
221.32 224.72
224.72 226.40
226.40 229.32
229.32 235.96