0 1.91
2.03 6.76
6.62 8.16
8.29 10.25
10.37 13.26
12.67 15.67
17.96 19.42
20.36 20.56
20.59 22.76
22.89 24.64
24.76 26.85
26.97 31.94
32.35 34.02
34.44 37.57
56.63 59.26
63.22 64.89
65.3 66.97
66.97 68.01
68.14 72.73
73.19 75.31
77.4 78.65
78.65 81.36
81.36 83.11
84.16 85.32
85.32 86.16
86.24 88.58
88.74 90.12
90.33 91.37
91.41 92.62
92.62 94.86
94.96 95.75
95.75 98.09
98.17 101.38
115.06 115.77
117.27 119.27
120.15 122.28
123.28 124.11
124.32 130.16
129.66 130.74
131.41 132.87
132.95 134.96
134.96 137.67
137.88 139.67
141.42 143.96
143.63 145.26
146.09 147.89
150.96 152.26