1.75 4.04
4.21 8.59
8.76 12.51
13.47 17.1
17.27 21.94
22.1 26.15
26.32 29.32
30.32 33.74
33.91 36.08
38.96 40.37
41.54 43.96
44.13 47.76
49.92 50.92
51.84 54.47
54.64 58.31
58.47 60.81
61.98 62.98
65.15 66.98
67.15 69.94
72.49 77.03
77.2 80.83
81 85.83
86 88.09
88.25 89.25
89.42 93.22
94.68 96.8
96.97 98.01
98.18 100.02
105.69 108.86
109.03 113.86
114.03 117.2
117.37 119.2
120.33 123.58
123.75 128.21
128.55 132.38
132.55 133.67
134.76 138.05
138.51 139.56
139.72 141.01
141.64 145.77
146.31 147.52
149.23 150.73