6.61 9.68
9.77 12.76
12.85 15.52
15.61 19.73
20.65 23.16
23.25 25.56
25.65 27.64
28.17 30.36
33.13 37.01
37.09 41.08
41.17 43.16
43.25 46.48
47.45 49.2
49.29 52.01
52.09 55.12
60.77 63.96
64.05 66.48
66.57 69.88
69.97 72.88
72.97 76.88
76.97 78.88
81.01 82.84
84.49 89.44
90.01 94.84
95.57 99.08
99.17 102.08
102.57 105.16
106.01 109.89
111.85 118.2
118.29 120.64
120.73 123.96
124.57 126.92
127.73 130.37
130.45 135.08
135.85 138.16
146.69 151.92
152.01 154.08
155.57 160.36
165.69 167.68
167.77 170.65
171.93 173.65
175.17 177.28
177.65 179.64
181.05 183.28
184.45 187.41
187.49 190.32
194.61 198.4
198.49 200.13
200.21 202.6
202.69 204.8
204.89 210.17
210.25 213.4
213.49 214.68
214.77 220.88
220.97 224.64
226.01 228.44
230.13 233.28
233.37 236.48
236.57 239.4
239.73 242.61
242.97 246.96
247.05 250.4
250.57 253.72
253.81 256.28