0.00 4.80
4.80 7.72
7.72 9.72
9.72 14.88
14.88 16.12
16.12 19.20
19.20 22.52
22.52 23.96
23.96 24.20
24.20 25.84
25.84 27.32
27.32 29.64
29.64 31.92
31.92 34.04
34.04 36.00
36.00 39.04
39.04 41.80
41.80 44.16
44.16 46.36
46.36 47.88
47.88 50.28
50.28 52.08
52.08 55.52
55.52 57.00
57.00 59.72
59.72 61.12
61.12 62.36
62.36 63.68
63.68 65.92
65.92 68.28
68.28 70.28
70.28 71.72
71.72 75.72
75.72 77.00
77.00 79.80
79.80 83.56
83.56 85.16
85.16 86.32
86.32 88.20
88.20 90.96
90.96 91.28
91.28 92.76
92.76 95.16
95.16 99.36
99.36 102.52
102.52 105.88
105.88 110.12
110.12 114.72
114.72 116.84
116.84 117.40
117.40 119.80
119.80 123.08
123.08 124.64
124.64 125.60
125.60 127.04
127.04 130.04
130.04 132.64
132.64 132.84
132.84 135.40
135.40 136.84
136.84 138.48
138.48 139.80
139.80 142.00
142.00 143.92
143.92 145.96
145.96 147.84
147.84 151.08
151.08 153.32
153.32 155.44
155.44 158.16
158.16 162.08
162.08 165.60
165.60 165.96
165.96 167.16
167.16 167.80
167.80 170.32
170.32 172.72
172.72 175.68
175.68 181.00
181.00 184.20
184.20 185.12
185.12 188.36
188.36 190.72
190.72 192.32
192.32 194.32
194.32 197.84
197.84 201.64
201.64 205.12
205.12 206.68
206.68 209.00
209.00 210.08
210.08 214.32
214.32 217.68
217.68 220.72
220.72 224.20
224.20 224.40
224.40 227.52
227.52 230.96
230.96 233.12
233.12 237.08
237.08 238.60
238.60 240.12
240.12 245.16
245.16 246.04
246.04 247.28
247.28 248.44
248.44 252.44
252.44 256.80
256.80 260.88
260.88 263.84
263.84 264.96
264.96 265.48
265.48 268.32
268.32 271.28
271.28 273.04
273.04 275.24
275.24 277.16
277.16 277.96
277.96 281.48
281.48 283.76
283.76 285.00
285.00 287.72
287.72 289.36
289.36 293.20
293.20 295.36
295.36 299.08