2.59 3.66
4.65 6.46
7.34 8.77
9.66 11.28
13.42 14.22
17.06 18.29
20.34 21.71
21.71 23.15
24.01 25.52
25.53 28.64
32.24 35.22
37.26 39.69
40.19 41.66
41.87 44.20
46.14 47.51
49.04 50.36
50.54 51.52
52.00 53.59
53.60 54.57
55.03 56.01
59.69 62.42
63.06 63.76
63.84 65.97
65.97 67.62
67.64 68.91
69.35 72.13
72.13 73.35
73.53 74.42
74.52 76.66
76.94 78.74
78.86 80.27
80.47 82.67
82.82 85.42
86.38 89.02
89.01 91.22
91.39 93.49
94.05 95.91
96.31 99.19
99.80 100.44
100.51 101.79
101.85 104.07
104.89 106.15
106.84 107.74
108.64 109.80
110.01 111.99
112.41 114.90
118.47 121.22
122.54 126.11
126.12 127.63
130.44 131.44
131.85 133.11
135.52 138.33
141.57 143.83
143.83 146.11
146.17 147.08
147.08 148.15
150.10 151.63
152.87 154.31
155.40 157.30
159.65 161.27
161.27 162.66
163.24 165.04
169.61 172.17
172.62 174.45
175.06 176.67
177.22 179.17
181.41 184.09
188.59 191.31
191.36 192.33
192.34 193.40
193.44 194.98
195.00 196.78
196.79 199.36
199.36 200.51
200.52 202.06
202.80 204.02
204.17 206.40
207.00 210.50
211.67 212.56
215.07 217.53
217.98 219.38
219.57 220.58
222.75 225.11
225.12 226.38
228.67 231.16
231.83 232.91
233.02 234.90
238.92 239.44
240.12 242.49
242.52 243.07
243.55 244.79
247.04 248.68
248.87 250.85
250.86 252.30
252.56 255.48
256.44 257.34
257.33 258.94
259.04 259.74
259.82 261.19
261.19 262.23
262.23 265.41
267.77 268.73
268.73 270.86
270.87 271.54
271.55 272.71
273.44 275.89
276.13 276.81
276.83 279.07
279.07 279.97