0.00 1.88
1.88 4.52
4.52 5.84
5.84 6.72
6.72 9.36
9.36 11.28
11.28 12.56
12.56 13.40
13.40 16.16
16.16 18.00
18.00 19.84
19.84 22.24
22.24 22.84
22.84 25.36
25.36 28.44
28.44 29.20
29.20 32.32
32.32 34.72
34.72 36.80
36.80 39.08
39.08 40.60
40.60 41.76
41.76 44.80
44.80 46.88
46.88 47.96
47.96 51.32
51.32 53.76
53.76 55.68
55.68 58.32
58.32 59.92
59.92 62.56
62.56 64.48
64.48 66.72
66.72 67.68
67.68 69.20
69.20 70.60
70.60 73.08
73.08 75.04
75.04 76.76
76.76 78.24
78.24 79.96
79.96 80.52
80.52 81.76
81.76 87.40
87.40 87.84
87.84 89.88
89.88 90.44
90.44 91.80
91.80 93.20
93.20 94.00
94.00 95.76
95.76 97.48
97.48 98.48
98.48 100.92
100.92 102.44
102.44 103.88
103.88 106.12
106.12 109.44
109.44 112.28
112.28 114.84
114.84 118.24
118.24 120.56
120.56 122.40
122.40 125.24
125.24 126.84
126.84 130.12
130.12 131.00
131.00 134.68
134.68 135.28
135.28 138.28
138.28 139.52
139.52 141.48
141.48 143.72
143.72 145.16
145.16 147.12
147.12 149.60
149.60 152.80
152.80 155.44
155.44 156.60
156.60 157.92
157.92 159.40
159.40 167.76
167.76 169.72
169.72 171.04
171.04 172.24
172.24 174.16
174.16 175.68
175.68 177.68
177.68 179.40
179.40 179.92
179.92 181.80
181.80 185.64
185.64 187.60
187.60 189.56
189.56 192.84
192.84 194.56
194.56 196.20
196.20 201.40
201.40 206.24
206.24 207.92
207.92 209.16
209.16 210.40
210.40 211.68
211.68 213.32
213.32 214.80
214.80 215.96
215.96 218.72
218.72 220.40
220.40 221.16
221.16 223.24
223.24 225.80
225.80 227.56
227.56 229.24
229.24 230.76
230.76 232.96
232.96 235.88
235.88 238.32
238.32 242.52
242.52 243.56
243.56 246.56
246.56 248.44
248.44 249.44
249.44 253.08
253.08 255.04
255.04 256.32
256.32 258.84
258.84 260.64
260.64 262.28
262.28 263.72
263.72 265.20
265.20 267.40
267.40 269.32
269.32 271.88
271.88 273.80
273.80 275.72
275.72 277.60
277.60 281.76
281.76 284.48
284.48 288.24