0.00 3.20
3.20 7.68
7.68 8.40
8.40 9.96
9.96 10.76
10.76 12.32
12.32 14.16
14.16 15.36
15.36 17.72
17.72 21.08
21.08 23.20
23.20 25.84
25.84 27.96
27.96 31.32
31.32 35.56
35.56 38.48
38.48 40.84
40.84 43.92
43.92 48.00
48.00 49.40
49.40 50.76
50.76 53.16
53.16 55.72
55.72 57.32
57.32 62.52
62.52 65.56
65.56 68.32
68.32 69.04
69.04 69.68
69.68 75.36
75.36 77.24
77.24 80.08
80.08 84.44
84.44 88.48
88.48 90.48
90.48 93.52
93.52 95.04
95.04 99.20
99.20 101.56
101.56 103.40
103.40 105.80
105.80 110.20
110.20 113.28
113.28 114.96
114.96 117.92
117.92 121.08
121.08 122.96
122.96 124.28
124.28 126.24
126.24 127.48
127.48 128.08
128.08 129.36
129.36 132.20
132.20 134.20
134.20 136.04
136.04 138.12
138.12 138.68
138.68 139.72
139.72 142.80
142.80 145.24
145.24 146.68
146.68 147.16
147.16 149.32
149.32 151.64
151.64 153.24
153.24 154.64
154.64 156.96
156.96 157.88
157.88 159.00
159.00 162.48
162.48 167.56
167.56 169.56
169.56 173.32
173.32 174.48
174.48 178.04
178.04 181.36
181.36 181.80
181.80 183.68
183.68 184.96
184.96 186.56
186.56 189.08
189.08 193.96
193.96 195.48
195.48 196.28
196.28 202.64
202.64 206.60
206.60 211.28
211.28 212.64
212.64 214.20
214.20 216.56
216.56 218.28
218.28 219.52
219.52 219.84
219.84 220.12
220.12 220.96
220.96 221.80
221.80 222.80
222.80 223.24
223.24 223.60
223.60 224.60
224.60 225.08
225.08 226.08
226.08 227.68
227.68 228.68
228.68 229.92
229.92 231.20
231.20 235.32
235.32 238.16
238.16 242.16
242.16 244.40
244.40 247.08
247.08 247.84
247.84 248.68
248.68 250.96
250.96 251.96
251.96 254.20
254.20 255.96
255.96 257.04
257.04 258.28
258.28 260.00
260.00 260.76
260.76 261.44
261.44 261.92
261.92 263.64
263.64 265.16
265.16 266.44
266.44 268.60
268.60 269.56
269.56 272.16
272.16 272.96
272.96 275.80
275.80 278.16
278.16 280.56
280.56 281.20
281.20 281.80
281.80 283.28
283.28 283.68
283.68 284.96
284.96 285.44
285.44 286.08
286.08 289.88
289.88 291.92
291.92 292.76
292.76 294.96