0.00 3.44
3.44 6.40
6.40 9.84
9.84 13.28
13.28 16.44
16.44 19.08
19.08 21.16
21.16 25.00
25.00 26.96
26.96 30.92
30.92 33.00
33.00 35.88
35.88 37.16
37.16 40.24
40.24 41.84
41.84 43.00
43.00 44.76
44.76 46.72
46.72 51.48
51.48 53.00
53.00 57.32
57.32 59.60
59.60 62.04
62.04 64.28
64.28 66.24
66.24 69.08
69.08 71.60
71.60 72.20
72.20 73.64
73.64 75.44
75.44 76.44
76.44 77.88
77.88 79.60
79.60 80.52
80.52 81.36
81.36 83.72
83.72 85.76
85.76 87.32
87.32 88.16
88.16 91.00
91.00 92.00
92.00 93.64
93.64 95.76
95.76 96.36
96.36 96.72
96.72 96.92
96.92 97.44
97.44 99.88
99.88 102.76
102.76 105.00
105.00 107.12
107.12 107.76
107.76 108.60
108.60 110.12
110.12 111.00
111.00 111.44
111.44 113.28
113.28 115.64
115.64 116.72
116.72 117.92
117.92 121.24
121.24 121.60
121.60 123.32
123.32 124.08
124.08 124.80
124.80 125.96
125.96 128.64
128.64 129.84
129.84 131.96
131.96 133.32
133.32 133.64
133.64 134.16
134.16 135.24
135.24 138.32
138.32 139.76
139.76 141.96
141.96 143.28
143.28 144.44
144.44 144.96
144.96 145.52
145.52 147.92
147.92 148.04
148.04 148.56
148.56 150.64
150.64 150.88
150.88 152.96
152.96 156.32
156.32 156.64
156.64 157.16
157.16 158.36
158.36 159.24
159.24 159.76
159.76 161.92
161.92 163.68
163.68 165.16
165.16 166.52
166.52 167.44
167.44 167.72
167.72 169.52
169.52 170.68
170.68 171.76
171.76 174.52
174.52 176.04
176.04 177.56
177.56 179.08
179.08 180.16
180.16 181.04
181.04 181.48
181.48 181.96
181.96 183.72
183.72 183.88
183.88 184.96
184.96 185.52
185.52 187.56
187.56 189.32
189.32 190.84
190.84 192.36
192.36 194.28
194.28 194.96
194.96 197.08
197.08 199.16
199.16 200.04
200.04 200.64
200.64 201.44
201.44 202.80
202.80 204.64
204.64 205.60
205.60 206.32
206.32 206.92
206.92 208.40
208.40 209.60
209.60 212.00
212.00 214.00
214.00 214.88
214.88 218.76
218.76 222.08
222.08 224.96
224.96 227.32
227.32 228.84
228.84 230.88
230.88 232.24
232.24 234.48
234.48 235.44
235.44 236.76
236.76 238.44
238.44 240.28
240.28 242.56
242.56 244.12
244.12 246.40
246.40 248.20
248.20 249.96
249.96 252.44
252.44 255.08
255.08 257.28
257.28 257.96
257.96 262.12
262.12 263.60
263.60 265.24
265.24 266.88
266.88 268.36
268.36 270.64
270.64 271.80
271.80 274.72
274.72 277.64
277.64 279.32
279.32 279.68
279.68 280.68
280.68 281.72
281.72 283.08
283.08 285.08
285.08 288.48
288.48 294.68
294.68 296.64
296.64 300.20
300.20 303.88
303.88 307.04