1.21 4.21
4.75 6.92
7.09 9.09
9.26 12.43
12.6 15.1
15.26 17.27
17.43 21.9
22.06 23.06
23.23 25.32
25.48 28.61
28.78 30.36
30.53 31.61
33.66 34.95
35.12 38.04
38.21 42.63
42.79 45.96
46.13 48.13
48.3 50.42
50.59 51.93
52.09 54.3
54.47 57.31
57.47 59.06
59.23 60.68
60.85 62.06
62.23 63.98
64.15 68.11
68.9 72.78
73.41 76.45
76.62 79.16
79.33 82.33
82.5 83.75
83.92 86.79
86.96 89.76
89.92 92.09
92.26 94.22
94.85 97.47
97.64 101.64
102.64 106.86
107.57 109.52
109.69 111.99
112.15 114.32
114.49 118.7
118.87 122.96