0.00 1.60
1.60 2.48
2.48 3.88
3.88 5.83
6.44 7.84
8.01 9.30
9.72 11.55
12.13 13.01
13.15 13.64
13.89 15.44
15.80 17.83
18.27 20.69
21.12 22.88
23.75 25.60
25.60 26.40
26.76 27.64
27.90 29.26
29.97 32.27
32.58 33.14
33.16 34.53
35.19 36.58
37.18 38.16
38.56 40.33
40.76 41.53
42.01 43.11
43.67 45.40
45.77 47.71
48.20 49.84
50.08 51.62
52.40 54.01
54.58 56.37
56.76 57.47
57.73 58.30
58.45 60.68
61.07 62.60
63.03 66.27
66.70 68.21
68.68 69.56
69.80 70.77
71.08 73.86
74.14 75.94
76.45 77.69
78.14 79.03
79.47 82.55
82.71 83.88
84.46 85.00
85.53 88.04
88.46 90.63
91.09 92.41
92.68 94.45
94.57 96.44
96.95 98.32
98.87 100.85
101.01 102.13
102.52 105.56
105.93 107.64
108.29 109.25
109.38 112.14
112.58 115.55
115.88 118.59
118.59 120.52
121.02 123.58
123.62 125.04
125.40 127.61
128.05 130.36
130.75 131.91
132.82 134.14
134.92 136.06
136.70 137.79
138.20 139.08
139.08 140.69
140.90 142.71
143.43 146.05
146.29 148.17
148.51 149.92
149.92 151.77
152.08 155.33
155.54 157.66
158.14 160.20
160.60 161.49
161.73 164.29
164.56 167.52
167.63 168.92
169.02 171.74
171.94 173.67
173.69 175.04
175.37 177.87
178.32 180.56
180.56 182.29
182.64 183.80
183.92 186.32
186.64 187.20
187.34 188.76
189.51 191.06
191.24 193.12
193.12 195.58
195.80 197.32
197.32 198.96
198.96 201.79
201.80 203.12
203.50 205.73
206.20 206.73
207.34 209.75
210.20 211.86
211.92 213.44
213.77 215.40
215.43 216.88
216.85 219.22
219.84 222.90
223.00 224.86
224.94 226.46
226.48 228.98
229.50 232.96
232.96 234.72
234.72 235.60
235.60 238.04
238.31 240.44
240.79 242.63
242.88 245.02
