0.00 3.44
3.44 4.16
4.16 4.76
4.76 8.84
8.84 15.72
15.72 17.88
17.88 20.68
20.68 23.44
23.44 24.36
24.36 26.48
26.48 30.92
30.92 31.44
31.44 36.40
36.40 38.88
38.88 42.44
42.44 46.04
46.04 50.00
50.00 53.12
53.12 58.32
58.32 59.28
59.28 63.08
63.08 65.60
65.60 68.64
68.64 73.44
73.44 77.08
77.08 78.76
78.76 81.40
81.40 82.52
82.52 85.04
85.04 89.16
89.16 91.76
91.76 95.04
95.04 96.68
96.68 98.64
98.64 99.20
99.20 100.88
100.88 103.72
103.72 107.00
107.00 110.28
110.28 112.76
112.76 114.28
114.28 115.56
115.56 117.24
117.24 118.56
118.56 120.24
120.24 121.88
121.88 124.00
124.00 124.92
124.92 127.44
127.44 128.64
128.64 130.92
130.92 135.56
135.56 137.80
137.80 139.16
139.16 140.08
140.08 141.00
141.00 142.40
142.40 144.72
144.72 146.28
146.28 147.64
147.64 149.04
149.04 150.44
150.44 153.76
153.76 157.04
157.04 164.36
164.36 168.24
168.24 171.44
171.44 173.60
173.60 177.12
177.12 179.88
179.88 182.48
182.48 183.44
183.44 186.16
186.16 188.48
188.48 188.92
188.92 189.28
189.28 191.44
191.44 192.28
192.28 196.60
196.60 198.24
198.24 200.12
200.12 203.96
203.96 205.64
205.64 208.60
208.60 211.56
211.56 213.64
213.64 217.00
217.00 217.36
217.36 218.20
218.20 220.04
220.04 220.56
220.56 222.52
222.52 223.20
223.20 224.00
224.00 227.84
227.84 230.00
230.00 233.60
233.60 235.28
235.28 236.28
236.28 240.16
240.16 242.52
242.52 245.56
245.56 247.12
247.12 247.88
247.88 249.52
249.52 251.20
251.20 251.64
251.64 253.76
253.76 256.76
256.76 258.52
258.52 262.04
262.04 265.68
265.68 268.80
268.80 271.64
271.64 274.84
274.84 278.04
278.04 281.64
281.64 282.36
282.36 284.20
284.20 284.60
284.60 289.12
289.12 289.52
289.52 290.12
290.12 291.52
291.52 293.52
293.52 294.72
294.72 296.76
296.76 298.96
298.96 300.08
300.08 303.48
303.48 306.16
306.16 307.28
307.28 309.52
309.52 311.52
311.52 312.72
312.72 314.92
314.92 316.28
316.28 320.04
320.04 322.00
322.00 327.32
327.32 328.56
328.56 330.52
330.52 332.96
332.96 334.28
334.28 336.08
336.08 339.60