0.00 1.40
1.40 2.84
2.84 4.28
4.28 5.56
5.56 9.64
9.64 11.80
11.80 12.40
12.40 12.96
12.96 14.24
14.24 16.28
16.28 18.92
18.92 23.04
23.04 25.20
25.20 26.76
26.76 29.56
29.56 29.84
29.84 31.28
31.28 33.76
33.76 36.80
36.80 37.80
37.80 40.24
40.24 42.72
42.72 47.32
47.32 51.44
51.44 52.96
52.96 57.40
57.40 59.40
59.40 61.64
61.64 65.84
65.84 68.24
68.24 72.12
72.12 74.36
74.36 76.52
76.52 78.32
78.32 80.72
80.72 84.48
84.48 86.04
86.04 89.16
89.16 91.64
91.64 94.48
94.48 96.56
96.56 97.12
97.12 98.96
98.96 103.72
103.72 104.80
104.80 107.28
107.28 110.28
110.28 116.08
116.08 118.88
118.88 120.80
120.80 122.28
122.28 123.28
123.28 123.96
123.96 125.76
125.76 128.84
128.84 129.64
129.64 131.24
131.24 133.68
133.68 134.76
134.76 135.12
135.12 135.76
135.76 138.32
138.32 139.72
139.72 142.44
142.44 145.12
145.12 148.68
148.68 150.40
150.40 153.08
153.08 155.56
155.56 158.76
158.76 160.96
160.96 164.64
164.64 167.28
167.28 170.96
170.96 172.64
172.64 174.44
174.44 176.08
176.08 180.08
180.08 184.40
184.40 188.84
188.84 194.64
194.64 201.32
201.32 203.52
203.52 207.40
207.40 210.80
210.80 215.16
215.16 217.48
217.48 218.24
218.24 220.12
220.12 221.64
221.64 223.72
223.72 224.44
224.44 225.96
225.96 227.28
227.28 230.32
230.32 235.08
235.08 243.48