0.00 3.28
3.28 7.32
7.32 9.36
9.36 9.92
9.92 10.64
10.64 13.28
13.28 14.00
14.00 14.80
14.80 17.52
17.52 21.96
21.96 23.04
23.04 24.04
24.04 26.92
26.92 29.28
29.28 32.52
32.52 34.24
34.24 34.88
34.88 38.60
38.60 40.48
40.48 45.72
45.72 47.12
47.12 49.84
49.84 50.32
50.32 50.92
50.92 52.60
52.60 55.48
55.48 59.40
59.40 61.52
61.52 62.00
62.00 67.92
67.92 70.92
70.92 74.76
74.76 79.36
79.36 81.24
81.24 84.32
84.32 86.20
86.20 90.64
90.64 91.64
91.64 94.20
94.20 97.08
97.08 100.04
100.04 101.40
101.40 103.40
103.40 105.72
105.72 109.44
109.44 111.96
111.96 113.32
113.32 117.88
117.88 122.08
122.08 124.48
124.48 127.00
127.00 130.24
130.24 131.80
131.80 132.40
132.40 136.08
136.08 136.60
136.60 139.12
139.12 141.40
141.40 143.36
143.36 145.56
145.56 148.16
148.16 151.04
151.04 152.68
152.68 154.36
154.36 155.64
155.64 157.28
157.28 161.20
161.20 163.84
163.84 165.36
165.36 166.68
166.68 168.12
168.12 170.04
170.04 171.32
171.32 171.72
171.72 173.12
173.12 174.20
174.20 176.44
176.44 183.32
183.32 186.48
186.48 190.52
190.52 192.20
192.20 193.52
193.52 194.20
194.20 198.32
198.32 199.92
199.92 201.52
201.52 202.76
202.76 205.40
205.40 208.08
208.08 214.64
214.64 215.96
215.96 220.24
220.24 223.12
223.12 224.32
224.32 226.52
226.52 229.60
229.60 231.96
231.96 234.00
234.00 235.48
235.48 237.72
237.72 239.04
239.04 241.64
241.64 245.96
245.96 246.48
246.48 247.00
247.00 249.12
249.12 250.12
250.12 252.16
252.16 254.20
254.20 255.28
255.28 256.48