9.13 11.77
12.25 14.76
14.85 17
19.13 21.88
21.97 26.01
28.61 32.52
34.05 38.8
41.25 44.24
45.29 48.92
49.01 50.24
50.33 53.88
53.97 55.96
56.37 58.36
62.09 64.28
65.49 67.68
77.69 79.01
100.05 102.04
106.73 109.12
129.41 131.4
136.01 138.65
139.09 141.08
143.25 145.48
145.57 149.16
149.89 151.88
152.81 155
156.97 159.61
160.05 162.04
162.41 164.4
164.49 167.13
168.33 170.89
172.05 174.64
177.25 179.44
182.97 184.96
185.05 187.04
190.53 193.76
193.85 197.48
197.57 199.72
199.81 206.12
206.21 211.68
211.77 213.88
213.97 216.2
216.29 222.76
224.09 226.08
226.53 228.6
231.73 233.88
235.45 237.96
238.05 240.85
242.57 245.4
245.49 249
249.09 252
252.09 256.76
256.85 260.52
260.61 262.6
262.69 264.68
264.77 268.56
269.13 271.28
271.37 275.84
275.93 278
278.09 280.68
280.97 283
283.09 288.48
288.57 293.77
297.81 300.08
300.33 302.44
302.53 305.25
305.33 310
310.09 312.24
312.33 314.05
314.13 317.01
317.09 320.08
320.77 325.05
325.13 326.92
327.01 331.96
333.21 335.32