4.04 5.03
6.95 9.11
9.28 10.78
12.28 14.58
18.04 19.46
19.54 21
22.44 23.88
54.37 55.79
55.91 57
57.74 59.75
59.83 62.44
62.25 63.92
64.13 66.44
66.25 70.05
70.47 72.3
72.51 74.05
74.35 76.1
76.54 78.31
82.6 85.02
86.32 87.82
87.98 90.28
90.49 93.03
93.24 95.12
95.24 96.74
96.87 100.12
101.33 103.84
103.29 106.34
106.55 109.84
109.46 113.64
113.68 115.94
122.64 125.94
126.69 131.95
132.07 135.7
138.41 141.12
141.33 141.91
142.08 146.13
146.44 147.71
149.55 152.47
152.59 156.01
156.05 158.01
158.26 161.85
162.02 163.52