17.49 20.12
29.13 32.42
32.51 36.47
37.05 39.64
43.73 46.31
50.65 53.74
53.82 56.82
56.91 59.07
59.16 60.99
63.58 66.79
66.88 68.46
68.54 73.38
74.09 77.22
77.3 80.26
80.35 82.1
82.18 85.27
85.35 88.77
88.86 90.65
90.73 92.82
95.24 98.11
98.86 100.87
100.95 102.91
104.54 107.87
108.17 109.58
109.88 114.55
115.26 116.38
116.63 119.72
119.93 122.72
126.89 128.56
128.98 131.27
131.36 133.15
134.73 137.49
144.7 146.87
146.95 150.25
150.33 153.17
173.77 176.94
177.44 181.78
181.86 184.24
184.32 187.37
187.45 190.37
202.63 205.09
208.31 209.97