0.00 0.00
0.00 0.00
0.00 0.00
0.00 0.00
0.00 0.00
0.00 0.00
0.00 0.00
0.00 0.00
0.00 0.00
0.00 0.00
0.00 0.00
0.00 0.00
0.00 0.00
0.00 0.00
0.00 0.00
0.00 0.00
0.00 0.00
0.00 0.00
0.00 0.00
0.00 0.00
0.00 0.00
0.00 0.00
0.00 0.00
0.00 0.00
0.00 0.00
0.00 0.00
0.00 0.00
0.00 0.00
0.00 0.00
0.00 0.00
0.00 0.00
0.00 0.00
0.00 0.00
0.00 0.00
0.00 0.00
0.00 0.00
0.00 0.00
0.00 0.00
0.00 0.00
0.00 0.00
0.00 0.00
0.00 0.00
0.00 0.00
0.00 0.00
0.00 0.00
0.00 0.00
0.00 0.00
0.00 0.00
0.00 0.00
0.00 0.00
0.00 0.00
0.00 0.00
0.00 0.00
0.00 0.00
0.00 0.00
0.00 0.00
0.00 0.00
0.00 0.00
0.00 0.00
0.00 0.00
0.00 0.00
0.00 0.00
0.00 0.00
0.00 0.00
0.00 0.00
0.00 0.00
0.00 0.00
0.00 0.00
0.00 0.00
0.00 0.00
0.00 0.00
0.00 0.00
0.00 0.00
0.00 0.00
0.00 0.00
0.00 0.00
0.00 0.00
0.00 0.00
0.00 0.00
0.00 0.00
0.00 0.00
0.00 0.00
0.00 0.00
0.00 0.00
0.00 0.00
0.00 0.00
0.00 0.00
0.00 0.00
0.00 0.00
0.00 0.00
0.00 0.00
0.00 0.00
0.00 0.00
0.00 0.00
0.00 0.00
0.00 0.00
0.00 0.00
0.00 0.00
0.00 0.00
0.00 0.00
0.00 0.00
0.00 0.00
0.00 0.00
0.00 0.00
0.00 0.00
0.00 0.00
0.00 0.00
0.00 0.00
0.00 0.00
0.00 0.00
0.00 0.00
0.00 0.00
0.00 0.00
0.00 0.00
0.00 0.00
0.00 0.00
0.00 0.00
0.00 0.00
0.00 0.00
0.00 0.00
0.00 0.00
0.00 0.00
0.00 0.00
0.00 0.00
0.00 0.00
0.00 0.00
0.00 0.00
0.00 0.00
0.00 0.00
0.00 0.00
0.00 0.00
0.00 0.00
0.00 0.00
0.00 0.00
0.00 0.00
0.00 0.00
0.00 0.00
0.00 0.00
0.00 0.00
0.00 0.00
0.00 0.00
0.00 0.00
0.16 2.68
2.80 4.61
4.82 6.54
6.60 8.34
8.84 12.61
12.61 15.16
15.48 17.24
17.64 18.22
18.41 20.31
20.56 22.95
23.40 24.79
24.99 27.48
27.72 28.30
28.56 29.96
30.20 33.68
33.99 35.83
36.12 37.28
37.66 40.01
40.21 40.80
41.49 43.13
43.48 44.22
44.55 46.40
46.69 47.52
47.70 48.21
48.34 50.26
50.52 53.08
53.38 56.10
56.68 57.62
57.96 60.12
60.40 63.74
63.79 65.84
66.11 68.52
68.72 70.06
70.19 71.82
72.32 72.79
72.88 77.02
77.57 79.66
80.04 80.56
80.73 82.94
83.83 85.85
85.96 86.90
87.29 89.09
89.96 92.41
92.99 93.72
93.88 95.67
95.84 98.98
99.24 101.27
101.61 103.88
104.28 106.28
106.40 109.67
110.27 112.27
112.59 113.20
113.74 115.06
115.96 118.16
118.69 120.73
121.56 122.26
122.42 123.78
124.16 125.20
125.55 126.32
126.96 128.71
129.48 131.70
132.50 133.34
133.80 136.37
136.62 138.34
138.38 140.94
141.30 146.53
147.00 148.88
149.00 151.29
151.42 152.42
152.83 154.91
155.33 155.92
156.46 158.08
158.28 159.88
160.19 161.82
161.91 165.66
166.14 167.20
167.48 168.89
169.31 171.68
172.07 175.64
175.99 177.79
178.14 179.27
179.34 181.42
181.83 183.77
184.26 185.57
186.14 188.18
188.66 190.60
190.85 192.47
192.97 194.48
194.83 196.33
197.11 199.94
200.61 203.43
204.08 206.70
207.03 208.98
209.20 211.14
211.40 214.12
214.50 216.57
217.34 219.80
220.39 222.56
222.64 224.32
224.69 225.60
225.64 229.91
230.23 233.30
233.82 235.20
235.54 238.40
238.78 241.32
241.80 243.55
244.14 244.80
244.98 246.23
246.73 248.24
248.51 249.71
250.08 252.96
253.33 257.62
258.05 260.73
261.00 264.48
264.99 269.95
270.55 272.60
272.96 276.09
276.16 277.56
278.08 279.77
279.98 282.76
283.25 286.04
286.45 288.29
288.64 290.48
290.82 293.58
293.73 296.06
296.32 298.20
298.56 299.68
300.24 303.55
303.90 305.00
305.32 308.58
308.71 311.72
311.92 313.82
314.21 315.52
315.79 317.80
318.11 321.95
322.26 323.68
323.91 327.56
327.95 329.24
329.37 330.57
330.64 332.40
332.72 335.37
337.47 338.47
