0.00 5.12
5.12 7.28
7.28 12.08
12.08 13.88
13.88 16.96
16.96 18.48
18.48 20.20
20.20 23.32
23.32 25.00
25.00 27.76
27.76 28.28
28.28 30.04
30.04 33.08
33.08 33.92
33.92 34.28
34.28 37.48
37.48 41.64
41.64 43.08
43.08 45.44
45.44 45.64
45.64 46.48
46.48 49.20
49.20 52.28
52.28 58.28
58.28 60.28
60.28 62.04
62.04 62.44
62.44 62.88
62.88 64.08
64.08 64.76
64.76 65.48
65.48 67.08
67.08 71.08
71.08 74.60
74.60 75.84
75.84 76.24
76.24 78.08
78.08 80.72
80.72 82.72
82.72 83.84
83.84 85.24
85.24 88.12
88.12 88.60
88.60 89.84
89.84 91.24
91.24 93.08
93.08 94.68
94.68 96.60
96.60 97.76
97.76 100.00
100.00 100.96
100.96 102.08
102.08 103.40
103.40 105.36
105.36 108.56
108.56 110.40
110.40 110.80
110.80 111.36
111.36 112.80
112.80 113.24
113.24 113.80
113.80 115.08
115.08 117.76
117.76 119.04
119.04 120.04
120.04 123.36
123.36 124.08
124.08 127.40
127.40 127.64
127.64 128.20
128.20 131.24
131.24 133.76
133.76 135.84
135.84 137.60
137.60 139.32
139.32 141.40
141.40 142.04
142.04 142.80
142.80 146.88
146.88 147.96
147.96 151.08
151.08 152.96
152.96 155.56
155.56 159.44
159.44 162.12
162.12 163.24
163.24 164.32
164.32 166.48
166.48 169.08
169.08 170.84
170.84 174.48
174.48 177.08
177.08 178.28
178.28 179.28
179.28 182.16
182.16 185.40
185.40 186.08
186.08 186.60
186.60 187.64
187.64 190.84
190.84 192.64
192.64 195.00
195.00 196.52
196.52 201.80
201.80 205.36
205.36 207.96
207.96 212.56
212.56 214.08
214.08 214.72
214.72 216.00
216.00 218.20
218.20 220.44
220.44 221.24
221.24 227.88
227.88 229.28
229.28 230.60
230.60 231.00
231.00 232.04
232.04 234.28
234.28 239.16
239.16 242.40
242.40 244.80
244.80 246.84
246.84 249.76
249.76 251.52
251.52 253.08
253.08 253.64
253.64 254.88
254.88 256.44
256.44 258.76
258.76 260.64
260.64 262.00
262.00 264.08
264.08 265.92
265.92 267.52
267.52 270.16
270.16 271.92
271.92 273.44
273.44 273.84
273.84 274.28
274.28 275.24
275.24 277.60
277.60 279.16
279.16 280.80
280.80 283.24
283.24 285.68
285.68 288.32
288.32 293.72
293.72 296.44
296.44 301.64
301.64 305.64