0.38 3.11
3.42 5.64
5.76 7.37
7.47 9.36
9.66 12.36
12.96 13.89
14.04 14.68
15.22 17.61
18.10 21.24
21.68 24.33
24.58 26.10
26.76 28.85
28.98 30.22
30.51 32.52
32.70 34.98
35.21 37.02
37.52 40.43
40.49 43.01
43.17 46.56
46.71 48.75
48.91 49.80
50.02 52.42
52.70 55.09
55.19 57.51
57.55 59.59
59.68 63.13
63.16 64.92
65.54 68.18
68.33 72.17
72.33 74.21
74.27 75.82
75.92 78.98
79.26 80.48
80.70 81.54
81.60 85.00
85.04 87.94
88.16 89.80
89.84 93.17
93.41 98.22
98.66 100.83
101.46 103.38
103.62 105.44
105.76 107.34
107.44 109.23
109.40 111.42
112.06 113.36
113.66 116.91
117.19 118.78
119.17 122.26
122.49 124.64
124.88 126.68
126.92 128.60
128.68 130.80
130.80 132.68
133.09 134.97
135.15 137.16
137.27 140.43
140.43 141.86
142.03 143.99
144.08 146.73
146.98 149.64
149.80 151.11
151.59 154.06
154.28 157.97
158.04 161.43
161.86 164.48
164.86 165.59
165.84 167.33
167.74 170.90
171.36 173.64
173.90 176.51
176.57 179.04
179.04 181.54
181.81 182.97
183.44 184.96
185.14 187.52
188.01 189.15
189.30 190.92
191.42 193.73
193.78 195.86
195.92 197.90
197.94 200.13
200.19 202.60
202.75 204.24
204.30 205.44
205.59 206.70
206.87 208.32
208.35 209.72
210.69 211.96
212.26 213.92
214.25 216.11
216.19 217.98
218.15 219.67
219.93 220.53
220.65 221.67
222.21 223.56
223.93 227.24
227.48 230.71
230.98 232.14
232.58 235.48
236.00 238.44
238.85 241.03
241.28 242.92
