0.30 1.30
1.83 3.53
3.88 7.48
7.48 9.49
9.59 13.21
13.54 15.75
15.75 17.81
17.93 19.68
19.66 22.26
22.66 24.50
24.48 26.24
26.37 27.27
27.28 29.24
29.63 31.44
31.72 32.28
32.51 34.35
34.57 36.55
36.60 39.46
39.91 42.34
42.39 45.08
45.08 47.08
47.30 48.58
48.88 50.04
50.23 51.47
51.76 53.42
53.66 55.58
55.71 58.02
58.40 59.92
60.14 61.80
61.98 63.42
63.66 64.46
64.82 66.36
66.62 68.80
68.83 71.41
71.61 73.49
73.66 76.54
76.60 77.93
77.93 79.75
79.88 82.83
83.17 85.78
86.48 89.40
89.60 90.94
91.04 92.48
92.81 94.78
95.04 96.40
96.64 98.91
99.24 100.84
101.10 105.48
105.79 107.09
107.39 109.86
109.88 112.39
112.62 114.07
114.42 117.08
117.08 118.51
118.93 120.01
120.02 122.36
122.36 125.26
125.27 126.30
126.38 129.33
129.33 131.36
131.65 134.74
135.00 135.74
136.13 138.47
138.98 141.17
141.36 143.28
143.45 146.08
146.55 150.26
150.48 152.54
152.84 154.62
154.70 157.61
157.81 160.86
161.16 161.84
161.98 163.36
163.62 164.35
164.86 167.64
167.64 170.90
171.26 172.52
172.52 173.95
173.95 175.32
175.49 176.93
176.93 178.60
178.59 180.52
180.83 181.92
182.22 183.60
183.94 185.44
185.76 187.50
187.98 189.76
189.95 191.26
191.54 192.28
192.46 195.87
196.56 197.93
198.26 199.74
200.02 203.42
203.62 205.79
206.17 206.96
207.24 208.40
208.40 211.32
211.48 212.95
213.18 213.88
214.26 215.12
215.50 217.08
217.30 218.70
218.73 220.28
220.61 222.74
222.86 223.52
223.74 224.44
224.92 226.00
226.19 227.40
227.76 228.88
229.18 230.24
230.50 231.91
232.02 234.72
234.70 237.73
238.06 239.60
239.91 241.16
241.38 242.22
242.51 243.24
243.53 244.28
244.55 246.61
246.64 248.80
249.04 250.44
250.78 252.57
252.86 254.11
254.17 255.06
255.31 258.58
258.56 260.08
260.34 261.40
261.61 262.44
262.68 264.60
264.75 266.92
267.18 269.72
270.15 272.12
272.26 273.84
273.92 276.68
276.68 277.92
278.80 281.60
281.60 284.92
284.92 286.88
287.14 289.40
289.81 291.68
291.68 293.80
294.07 296.76
296.97 298.91
299.22 301.16
301.38 302.57
302.95 304.36
304.66 305.70
305.82 308.64
309.12 310.32
