0.00 3.12
3.12 6.04
6.04 9.68
9.68 10.72
10.72 11.44
11.44 12.44
12.44 16.00
16.00 16.64
16.64 17.12
17.12 18.36
18.36 19.96
19.96 20.92
20.92 21.96
21.96 28.12
28.12 30.68
30.68 33.56
33.56 35.44
35.44 40.52
40.52 42.60
42.60 43.96
43.96 45.60
45.60 46.80
46.80 50.52
50.52 52.08
52.08 54.48
54.48 59.20
59.20 60.04
60.04 62.24
62.24 63.76
63.76 65.00
65.00 69.16
69.16 70.20
70.20 71.00
71.00 72.08
72.08 73.68
73.68 73.92
73.92 75.92
75.92 78.68
78.68 80.96
80.96 81.60
81.60 84.08
84.08 85.28
85.28 86.88
86.88 89.72
89.72 93.36
93.36 94.12
94.12 98.56
98.56 103.12
103.12 105.48
105.48 109.64
109.64 112.08
112.08 112.80
112.80 114.20
114.20 115.40
115.40 118.40
118.40 119.04
119.04 120.92
120.92 123.80
123.80 126.28
126.28 128.48
128.48 129.36
129.36 132.48
132.48 133.08
133.08 133.84
133.84 136.16
136.16 138.76
138.76 139.24
139.24 139.64
139.64 142.92
142.92 144.16
144.16 145.48
145.48 148.16
148.16 149.60
149.60 150.52
150.52 159.40
159.40 161.04
161.04 161.92
161.92 162.56
162.56 164.24
164.24 166.28
166.28 167.28
167.28 169.20
169.20 171.48
171.48 173.24
173.24 177.12
177.12 179.12
179.12 182.40
182.40 186.68
186.68 187.44
187.44 188.48
188.48 190.48
190.48 195.60
195.60 198.72
198.72 205.24
205.24 207.52
207.52 214.96
214.96 218.16
218.16 219.40
219.40 220.44
220.44 221.44
221.44 224.28
224.28 225.36
225.36 226.52
226.52 228.68
228.68 230.48