0.00 2.76
2.76 5.88
5.88 8.84
8.84 12.44
12.44 16.32
16.32 20.44
20.44 23.40
23.40 27.76
27.76 31.72
31.72 35.52
35.52 38.64
38.64 41.08
41.08 44.32
44.32 45.88
45.88 47.96
47.96 51.24
51.24 53.04
53.04 53.88
53.88 54.84
54.84 56.28
56.28 58.68
58.68 60.68
60.68 62.04
62.04 63.32
63.32 65.08
65.08 67.52
67.52 72.40
72.40 73.72
73.72 77.08
77.08 78.00
78.00 78.68
78.68 79.72
79.72 81.40
81.40 86.12
86.12 89.52
89.52 90.80
90.80 91.48
91.48 92.48
92.48 93.92
93.92 97.12
97.12 99.04
99.04 103.32
103.32 105.20
105.20 106.88
106.88 109.24
109.24 110.72
110.72 112.68
112.68 115.52
115.52 116.24
116.24 117.08
117.08 117.68
117.68 118.48
118.48 119.04
119.04 120.04
120.04 122.60
122.60 125.04
125.04 128.80
128.80 131.32
131.32 132.60
132.60 135.16
135.16 136.92
136.92 138.80
138.80 140.24
140.24 143.24
143.24 145.00
145.00 148.64
148.64 152.12
152.12 153.40
153.40 154.24
154.24 156.16
156.16 157.08
157.08 158.36
158.36 160.44
160.44 161.36
161.36 164.64
164.64 166.72
166.72 169.04
169.04 170.32
170.32 171.20
171.20 172.64
172.64 173.32
173.32 175.64
175.64 177.44
177.44 181.04
181.04 185.72
185.72 188.04
188.04 193.24
193.24 196.20
196.20 201.56
201.56 204.60
204.60 207.32
207.32 209.16
209.16 210.80
210.80 214.36
214.36 216.00
216.00 217.28
217.28 217.92
217.92 220.48
220.48 222.20
222.20 222.80
222.80 223.80
223.80 224.28
224.28 224.60
224.60 226.44
226.44 226.68
226.68 228.32
228.32 229.64
229.64 231.52
231.52 234.52
234.52 237.20
237.20 238.52
238.52 239.96
239.96 242.96
242.96 243.84
243.84 244.72
244.72 246.96
246.96 250.04
250.04 253.12
253.12 257.00
257.00 259.48
259.48 264.12
264.12 266.04
266.04 267.52
267.52 270.76
270.76 271.84
271.84 272.88
272.88 275.76
275.76 276.56
276.56 277.12
277.12 279.84
279.84 284.08
284.08 290.32
290.32 292.96
292.96 293.68
293.68 295.96
295.96 298.08
298.08 300.96
300.96 301.92
301.92 303.56
303.56 304.64
304.64 305.20
305.20 307.56
307.56 310.24
310.24 314.92
314.92 316.84
316.84 320.24
320.24 325.44
325.44 327.64
327.64 330.28
330.28 334.88
334.88 336.96
336.96 340.92
340.92 343.20
343.20 345.56
345.56 347.68
347.68 351.04
351.04 355.08
355.08 356.20
356.20 358.48
358.48 360.48
360.48 366.20
366.20 369.80
369.80 375.92
375.92 378.28
378.28 382.64
382.64 383.16
383.16 384.20
384.20 386.44
386.44 388.24
388.24 389.68
389.68 391.96
391.96 396.04
396.04 401.60