0.47 3.56
3.64 5.81
5.98 9.07
9.15 12.23
12.32 14.11
14.24 15.7
15.78 18.53
19.37 20.91
26.33 28
33.34 36.43
36.51 39.51
39.6 41.76
41.85 44.02
44.1 47.19
61.12 62.41
69.33 71.09
77.43 79.55
79.76 81.39
82.01 83.72
87.35 88.73
96.32 100.16
112.71 113.75
113.84 116.34
116.42 118.55
118.63 122.97
123.6 126.02
126.1 129.6
129.69 132.23
132.31 134.44
136.86 139.74
139.82 141.99
142.07 145.12
145.2 149.62
153.79 155.88
157.46 158.67
159.3 161.93
162.01 163.05
163.68 165.35
165.43 168.68
172.02 174.4
174.48 178.98
179.49 180.53
180.61 184.87
184.95 187.33
187.41 190.79
190.87 192.46
193.21 195.42
195.5 198.59
199.59 201.26
201.34 204.09
205.68 208.14
208.22 212.18
212.85 215.36
215.98 217.86
219.36 220.44
220.53 223.24
227.03 228.53
228.62 231.58