0.24 2.23
12.56 14.75
14.84 16.83
19.6 22.27
31.96 33.36
33.44 35.83
36.36 37.79
38.88 41.39
41.88 44.19
44.88 47.47
47.56 50.52
50.6 54.31
54.4 56.51
56.6 60.27
60.36 62.59
62.68 65.67
66.64 70.76
72.08 74.23
74.32 77.39
77.88 80.03
81 84.59
84.68 88.75
88.84 92.31
92.4 95.95
96.04 98.31
98.4 102.63
102.96 105.31
105.4 107.91
108 109.43
109.52 111.99
112.84 114.48
114.56 119.43
120.52 124.56
124.64 127.11
127.2 129.59
130.48 134.52
134.6 137.72
137.8 140.23
140.32 142.39
142.48 145.23
145.32 147.59
147.68 150.67
150.76 153.64
153.72 156.95
157.04 159.51
159.6 162.11
162.2 165.59
165.68 167.71
167.8 170.15
170.24 172.39
172.48 174.47
177 180.15
180.24 182.55
182.64 185.99
186.08 189.87
191.44 196.19
196.28 200.51
200.96 202.95
205.4 208.23
208.32 212.87
212.96 215.11
215.2 217.87
218.4 220.67
231.8 235.15
235.24 239.23
239.32 242.07
242.16 246.91
247.68 248.63
248.72 251.76
251.84 254.56
254.96 257.84
257.92 262.04
262.12 264.11
264.2 266.79
270.44 275.59
276.72 280.23