1.24 4.57
4.95 7.91
7.99 10.66
10.75 13.04
13.12 15.83
15.92 18.59
18.67 20.71
20.8 23.22
27.97 29.89
29.97 32.6
33.02 34.48
34.98 36.81
36.9 38.77
38.86 40.52
41.11 42.86
42.94 45.53
45.61 48.53
48.62 50.41
50.49 52.79
52.95 54.96
55.04 57.21
57.29 59.42
59.59 62.63
63.38 66.01
66.09 68.43
68.51 71.22
71.31 73.06
73.14 75.52
75.94 77.98
78.1 81.19
81.27 83.03
83.11 84.94
85.03 88.57
89.49 90.78
92.29 93.7
97.75 99.25
99.67 101.88
101.96 103.84
103.92 106.88
107.68 109.64
110.35 113.35
114.31 116.77
118.48 122.19
137.21 138.87
141.13 142.75
155.68 157.89
158.35 159.6
163.48 164.61
175.2 176.66
178 179.54
179.87 182.29
183.04 185.38
186.38 187.71
188.88 189.92
192.72 194.6