0.00 0.00
0.00 0.00
0.00 0.00
0.00 0.00
0.00 0.00
0.00 0.00
0.00 0.00
0.00 0.00
0.00 0.00
0.00 0.00
0.00 0.00
0.00 0.00
0.00 0.00
0.00 0.00
0.00 0.00
0.00 0.00
0.00 0.00
0.00 0.00
0.00 0.00
0.00 0.00
0.00 0.00
0.00 0.00
0.00 0.00
0.00 0.00
0.00 0.00
0.00 0.00
0.00 0.00
0.00 0.00
0.00 0.00
0.00 0.00
0.00 0.00
0.00 0.00
0.00 0.00
0.00 0.00
0.00 0.00
0.00 0.00
0.00 0.00
0.00 0.00
0.00 0.00
0.00 0.00
0.00 0.00
0.00 0.00
0.00 0.00
0.00 0.00
0.00 0.00
0.00 0.00
0.00 0.00
0.00 0.00
0.00 0.00
0.00 0.00
0.00 0.00
0.00 0.00
0.00 0.00
0.00 0.00
0.00 0.00
0.00 0.00
0.00 0.00
0.00 0.00
0.00 0.00
0.00 0.00
0.00 0.00
0.00 0.00
0.00 0.00
0.00 0.00
0.00 0.00
0.00 0.00
0.00 0.00
0.00 0.00
0.00 0.00
0.00 0.00
0.00 0.00
0.00 0.00
0.00 0.00
0.00 0.00
0.00 0.00
0.00 0.00
0.00 0.00
0.00 0.00
0.00 0.00
0.00 0.00
0.00 0.00
0.00 0.00
0.00 0.00
0.00 0.00
0.00 0.00
0.00 0.00
0.00 0.00
0.00 0.00
0.00 0.00
0.00 0.00
0.00 0.00
0.00 0.00
0.00 0.00
0.00 0.00
0.00 0.00
0.00 0.00
0.00 0.00
0.00 0.00
0.70 1.48
2.97 4.28
4.28 6.46
6.55 7.72
7.91 11.94
12.64 18.15
18.64 20.29
20.70 24.66
24.79 25.48
26.80 28.26
28.68 30.23
30.52 31.39
31.43 32.40
32.60 33.84
33.95 35.01
35.24 37.63
38.04 39.49
39.96 42.87
43.11 46.20
47.02 50.69
50.84 52.32
52.32 54.25
54.46 56.26
57.25 59.85
60.20 62.44
62.95 66.15
66.20 67.77
68.24 69.64
70.40 72.16
72.36 76.55
76.69 77.78
79.24 81.92
81.94 86.14
86.27 88.28
88.72 91.29
91.46 92.44
92.45 95.22
95.84 97.59
97.90 102.64
102.96 107.05
107.19 109.42
110.00 110.98
111.24 116.95
117.21 122.76
123.29 125.45
125.66 129.37
129.59 133.33
133.73 139.05
139.16 140.13
140.28 141.64
141.67 142.82
143.72 146.04
146.38 147.74
147.86 149.37
149.81 151.12
151.36 152.96
153.35 154.91
155.16 156.40
156.80 160.40
160.42 161.25
161.43 162.48
162.63 163.44
163.64 167.81
167.92 169.88
170.80 173.28
173.54 176.25
176.37 179.52
180.06 183.72
184.19 185.79
186.21 187.56
187.77 188.93
189.43 194.72
194.72 195.98
196.08 198.55
199.43 203.20
203.60 205.08
205.17 206.24
206.43 208.36
208.57 210.76
211.28 213.68
214.06 216.12
216.47 220.52
220.74 222.88
222.97 225.39
225.78 227.60
228.35 229.52
229.92 231.00
231.03 232.68
232.83 235.54
236.18 238.74
238.80 242.28
242.52 244.41
245.59 247.19
247.24 248.56
248.82 250.15
250.61 251.89
251.91 256.48
256.82 259.67
