0.00 2.28
2.28 3.52
3.52 4.76
4.76 7.56
7.56 9.36
9.36 12.36
12.36 14.04
14.04 14.84
14.84 18.20
18.20 19.16
19.16 24.64
24.64 26.16
26.16 29.04
29.04 30.28
30.28 32.84
32.84 35.12
35.12 37.56
37.56 38.48
38.48 40.40
40.40 43.28
43.28 45.56
45.56 46.44
46.44 46.96
46.96 47.88
47.88 49.80
49.80 52.80
52.80 55.32
55.32 57.64
57.64 59.68
59.68 61.00
61.00 63.16
63.16 64.92
64.92 67.28
67.28 68.12
68.12 69.96
69.96 72.44
72.44 74.32
74.32 79.04
79.04 80.80
80.80 81.64
81.64 85.04
85.04 86.48
86.48 88.24
88.24 89.88
89.88 91.72
91.72 93.44
93.44 95.44
95.44 96.96
96.96 98.76
98.76 101.52
101.52 103.68
103.68 105.44
105.44 107.44
107.44 108.56
108.56 109.16
109.16 111.08
111.08 111.64
111.64 113.36
113.36 113.92
113.92 116.96
116.96 119.00
119.00 120.16
120.16 122.20
122.20 123.28
123.28 123.96
123.96 124.56
124.56 126.68
126.68 127.76
127.76 128.68
128.68 130.80
130.80 132.68
132.68 133.72
133.72 134.28
134.28 135.24
135.24 137.16
137.16 137.80
137.80 139.52
139.52 140.48
140.48 142.12
142.12 144.08
144.08 146.16
146.16 146.92
146.92 147.92
147.92 148.92
148.92 149.88
149.88 150.52
150.52 151.24
151.24 153.28
153.28 154.40
154.40 156.48
156.48 158.08
158.08 159.80
159.80 161.60
161.60 164.48
164.48 165.68
165.68 167.60
167.60 169.64
169.64 171.48
171.48 173.64
173.64 176.68
176.68 179.04
179.04 181.88
181.88 183.64
183.64 184.96
184.96 187.52
187.52 189.84
189.84 190.92
190.92 194.44
194.44 198.56
198.56 200.28
200.28 202.60
202.60 205.40
205.40 207.28
207.28 208.32
208.32 210.36
210.36 211.96
211.96 213.92
213.92 215.28
215.28 218.28
218.28 219.96
219.96 220.56
220.56 221.40
221.40 221.76
221.76 223.64
223.64 227.24
227.24 230.08
230.08 230.60
230.60 232.28
232.28 235.48
235.48 238.44
238.44 240.28
240.28 241.04
241.04 242.92