0 2.35
2.44 4.14
4.23 6.15
6.23 9.82
9.9 11.9
11.99 14.49
14.57 18.66
19.25 22.5
22.58 26.54
26.63 29.5
29.59 31.55
32.51 36.3
36.39 39.72
39.81 41.68
41.77 43.69
43.77 46.4
46.48 49.15
49.23 51.73
51.82 54.53
54.61 56.49
56.87 58.53
58.62 62.29
62.37 65.12
65.21 66.75
77.47 80.51
80.81 82.06
82.14 85.48
89.98 96.82
101.66 103.75
106.5 108.92
109 111.63
112.13 113.84
113.92 115.55
115.63 119.68
119.76 122.68
136.36 139.7
140.37 142.83
142.95 144.99
145.08 148.62
148.71 152.54
153.59 155.71
155.8 157.22
157.68 160.89
161.22 163.68
163.76 166.89
171.23 173.61
174.02 175.73
177.15 180.15
180.24 182.12
182.2 185.2
185.7 186.83
191.33 193.17
193.25 195.09
198.17 199.67
204.05 205.18