0.00 2.92
2.92 4.68
4.68 6.84
6.84 8.76
8.76 10.60
10.60 14.40
14.40 15.48
15.48 17.24
17.24 19.36
19.36 21.60
21.60 23.92
23.92 24.76
24.76 27.08
27.08 29.60
29.60 30.36
30.36 31.32
31.32 33.64
33.64 35.16
35.16 36.48
36.48 38.44
38.44 40.24
40.24 41.04
41.04 41.60
41.60 44.20
44.20 47.32
47.32 48.08
48.08 48.44
48.44 49.72
49.72 53.40
53.40 55.36
55.36 57.64
57.64 59.40
59.40 62.00
62.00 64.24
64.24 68.48
68.48 70.04
70.04 71.84
71.84 75.20
75.20 75.92
75.92 77.84
77.84 79.80
79.80 81.60
81.60 84.32
84.32 85.76
85.76 87.56
87.56 88.80
88.80 90.76
90.76 92.28
92.28 95.60
95.60 98.32
98.32 100.40
100.40 104.48
104.48 107.16
107.16 107.76
107.76 108.68
108.68 112.16
112.16 115.12
115.12 116.04
116.04 118.52
118.52 119.28
119.28 120.32
120.32 121.88
121.88 123.64
123.64 125.68
125.68 128.04
128.04 130.24
130.24 133.16
133.16 133.56
133.56 134.84
134.84 138.84
138.84 139.28
139.28 140.16
140.16 141.32
141.32 143.08
143.08 143.40
143.40 147.28
147.28 149.68
149.68 150.32
150.32 152.36
152.36 158.20
158.20 160.20
160.20 162.32
162.32 164.20
164.20 164.68
164.68 167.64
167.64 168.68
168.68 169.08
169.08 172.12
172.12 175.28
175.28 178.12
178.12 180.96
180.96 182.64
182.64 185.04
185.04 189.16
189.16 191.16
191.16 192.48
192.48 193.08
193.08 195.20
195.20 196.60
196.60 204.16
204.16 208.16
208.16 210.60
210.60 214.96
214.96 218.16