1.81 4.06
4.08 5.77
5.86 8.4
8.4 11.78
11.78 14.67
14.57 16.83
16.91 21.83
22.96 25.17
80.47 83.77
95.24 96.99
107.37 109.92
110.09 112.77
112.59 115.63
115.72 117.63
122.14 123.68
123.72 126.85
127.06 129.77
129.98 131.77
131.9 135.32
136.67 137.82
137.95 143.67
143.66 145.16
145.62 146.71
146.83 148.33
148.67 151.08
151.17 152.17
152.29 156.34
156.38 157.97
188 191.21
191.92 193.29
193.34 195.38
195.77 196.92
226.37 227.66
227.87 230.08
232.67 236.71
236.84 239.46
240.27 241.76
242.01 244.14
244.14 245.35
245.43 247.26
247.35 248.77
248.85 251.18
251.23 253.27
253.4 254.98
255.4 257.9
258.65 260.24
260.28 262.11
262.32 265.24
265.99 268.12
268.33 270.17
269.75 272.58
272.79 274.83
274.96 276.96
277.04 278.67
278.84 280.46
280.63 282.92
283.09 285.05
285.14 289.26
289.87 292.93