0.14 2.27
2.31 4.12
4.29 6.11
6.35 7.76
8.01 9.14
9.48 10.44
10.74 12.76
12.95 14.36
14.69 18.49
18.82 19.50
19.80 21.29
21.54 23.99
24.32 25.10
25.56 26.62
26.72 28.33
28.96 30.76
31.09 32.86
33.20 34.04
34.39 36.62
36.76 38.68
38.83 41.60
41.95 43.91
43.96 46.85
47.08 48.23
48.56 49.28
49.67 51.43
51.64 52.40
52.66 54.99
55.24 56.08
56.36 57.01
57.44 59.36
59.74 62.11
62.52 63.26
63.60 65.62
65.89 67.20
67.49 70.51
70.72 71.54
71.84 73.76
74.48 76.24
76.50 77.88
78.13 80.47
80.71 82.27
82.90 85.40
85.65 87.71
87.90 90.20
90.20 91.71
91.97 93.19
93.36 94.36
94.73 96.52
97.24 99.20
99.52 101.27
102.03 104.42
104.56 106.11
106.71 108.95
109.08 110.72
111.52 114.32
114.71 116.64
117.09 119.40
119.40 119.87
119.99 121.80
122.33 125.36
125.62 127.16
127.46 128.46
128.48 130.17
130.37 132.32
132.57 135.35
135.58 137.35
137.65 139.45
139.71 142.00
142.19 142.91
143.01 144.88
144.88 146.88
147.17 148.73
149.00 151.36
151.65 153.48
153.48 155.86
156.12 158.16
158.45 160.00
160.31 161.08
161.45 163.60
163.85 165.60
165.93 168.36
168.64 169.32
169.49 172.48
172.81 176.33
176.85 179.28
179.59 180.82
181.04 182.52
182.74 184.40
185.30 186.61
186.96 187.52
187.63 189.00
189.00 190.84
191.07 192.35
192.68 193.32
193.32 195.80
196.08 198.77
198.85 200.84
201.03 202.91
202.94 205.32
205.32 208.07
208.46 211.86
212.20 212.96
213.19 214.41
214.65 216.00
216.24 217.68
217.98 219.68
220.10 221.68
221.83 224.08
224.26 226.22
226.53 227.52
