4.49 6.32
6.49 9.45
9.53 10.99
11.08 13.46
13.54 16.5
16.58 17.71
18.59 20.5
20.59 23.34
23.92 27.43
28.51 31.81
31.89 35.73
35.85 37.65
37.73 39.36
39.44 41.86
41.94 44.86
44.95 48.57
48.66 51.74
51.83 55.37
55.71 59.96
60.29 63.96
64.63 66.63
66.97 69.97
70.18 74.52
75.14 78.85
78.94 82.4
82.48 84.57
84.65 86.49
86.57 89.91
89.99 91.83
93.12 94.41
94.5 97.29
97.37 99.83
99.92 103
103.09 106.09
109.51 111.85
113.89 114.89
114.97 117.85
118.19 121.44
122.94 125.82
125.9 129.78
129.86 133.03
133.12 137.29
138.71 142.46
145.25 147.21
147.3 150.3
150.8 153.22
160.23 162.23
164.07 167.4
167.49 170.7
170.78 173.28
173.37 175.2
175.28 178.62
179.66 182.5
182.63 185.67
185.75 188.59
188.71 190.76
190.88 192.93
193.93 196.22
196.64 199.52
246.27 249.36
249.44 251.48