0.13 1.12
1.31 2.68
3.25 3.75
4.03 4.87
4.97 6.96
6.96 9.46
9.46 11.20
11.20 13.96
14.22 17.16
17.15 18.98
19.10 21.22
21.20 23.59
23.89 25.76
26.08 28.16
28.38 31.08
31.08 33.74
33.75 35.28
35.28 39.00
39.36 41.51
41.80 43.72
44.08 49.85
50.20 51.80
51.80 53.64
54.27 55.63
55.62 57.06
57.08 59.28
59.27 62.42
62.42 64.08
64.35 66.28
66.62 68.25
68.56 69.72
69.95 72.84
72.96 74.15
74.50 77.88
77.89 80.60
80.84 84.33
84.35 85.52
85.57 89.08
89.08 90.80
91.06 93.22
93.36 94.60
94.93 95.58
95.76 96.52
96.80 98.13
98.52 99.56
100.01 101.01
101.33 102.09
102.52 103.69
104.04 104.80
104.80 105.79
106.03 108.32
108.34 109.92
110.20 111.07
111.30 113.30
113.68 115.68
115.85 118.36
118.73 120.84
121.13 122.57
122.59 124.43
124.87 129.58
129.80 132.04
132.28 134.41
134.43 136.00
136.26 137.20
137.18 139.44
139.77 141.28
141.57 142.75
143.16 144.20
144.20 146.64
146.64 147.41
147.68 148.72
149.00 150.32
150.66 152.00
152.34 157.88
158.20 159.64
159.93 161.32
161.65 162.44
162.72 163.52
163.86 164.64
164.96 166.41
166.69 167.56
167.86 168.36
168.60 170.44
170.82 171.60
171.94 174.11
174.48 175.80
176.10 178.68
178.96 179.80
180.06 181.76
182.00 182.76
182.98 184.04
184.04 185.60
185.93 187.76
188.19 190.67
190.93 192.68
192.78 194.12
194.41 195.32
195.32 196.60
197.04 199.16
199.46 200.24
200.58 201.27
201.64 203.04
203.35 204.35
205.01 206.45
206.73 209.78
210.09 211.61
211.88 212.52
213.00 214.76
214.98 216.61
216.95 218.76
219.00 220.28
220.52 222.16
222.44 223.50
223.86 224.39
224.40 226.48
226.79 228.98
