0.00 3.52
3.52 7.72
7.72 10.08
10.08 14.60
14.60 19.00
19.00 21.68
21.68 23.88
23.88 26.60
26.60 30.16
30.16 34.36
34.36 36.84
36.84 38.40
38.40 39.84
39.84 41.04
41.04 42.16
42.16 44.68
44.68 46.64
46.64 51.56
51.56 54.68
54.68 56.68
56.68 58.68
58.68 61.88
61.88 67.48
67.48 71.36
71.36 73.84
73.84 79.12
79.12 79.92
79.92 83.24
83.24 84.68
84.68 86.12
86.12 87.76
87.76 90.76
90.76 94.80
94.80 97.32
97.32 101.08
101.08 103.28
103.28 105.48
105.48 109.44
109.44 111.96
111.96 115.36
115.36 120.96
120.96 124.92
124.92 126.64
126.64 130.04
130.04 132.64
132.64 135.80
135.80 139.40
139.40 140.96
140.96 142.84
142.84 144.68
144.68 147.36
147.36 149.36
149.36 152.20
152.20 155.92
155.92 160.96
160.96 163.96
163.96 164.40
164.40 166.60
166.60 170.40
170.40 174.72
174.72 177.24
177.24 180.92
180.92 182.52
182.52 185.08
185.08 187.92
187.92 193.00
193.00 194.72
194.72 197.56
197.56 198.28
198.28 201.04
201.04 201.88
201.88 204.76
204.76 206.04
206.04 207.96
207.96 210.48
210.48 211.80
211.80 212.24
212.24 215.92
215.92 216.96
216.96 218.96
218.96 225.08
225.08 227.00
227.00 229.76
229.76 232.16
232.16 234.76