12.68 14.34
23.86 26.4
30.61 32.49
37.28 38.37
48.05 50.42
63.31 65.23
65.4 67.56
67.73 68.9
69.07 72.03
72.2 75.32
75.49 77.03
79.74 83.08
93.22 96.39
96.55 98.43
105.02 107.27
107.44 109.61
109.77 113.61
115.28 117.57
118.07 122.49
124.29 125.91
126.08 128.88
129.04 133.05
133.21 136.59
136.76 140.47
140.64 142.01
142.18 145.48
145.64 148.9
149.31 151.82
160.82 161.87
162.03 163.58
169.38 171.84
174.63 175.63
184.1 185.27
187.14 188.52
192.48 194.94
204.58 207.95
211.38 212.92
213.38 214.54
217.22 220.93
224.97 226.81
264.55 265.68