0 2.13
2.29 3.67
9.43 10.8
11.34 12.8
12.97 14.97
25.03 28.32
51.01 53.68
53.89 55.89
57.31 58.56
64.52 66.94
85.71 87.38
93.26 96.05
106.52 108.52
117.99 119.74
120.29 124.33
124.5 126.75
126.92 130.42
130.59 131.88
132.34 134.09
134.43 137.47
137.64 139.68
139.85 143.43
144.6 148.69
148.86 150.77
150.94 154.11
154.28 158.91
159.08 161.08
161.24 166.46
166.79 168.42
168.75 170.54
170.96 173.34
174.38 175.59
175.76 178.55
178.72 181.35
184.81 186.81
187.02 189.23
189.4 192.15
192.32 194.74
194.9 198.95
199.12 203.87
204.04 206.79
206.96 209
209.17 213.63
214.71 216.17
216.51 220.55
220.72 223.06