0.00 2.48
2.48 4.28
4.28 5.84
5.84 8.92
8.92 12.00
12.00 16.68
16.68 19.64
19.64 21.40
21.40 22.36
22.36 22.88
22.88 27.68
27.68 29.64
29.64 31.88
31.88 33.84
33.84 36.76
36.76 38.40
38.40 41.48
41.48 43.48
43.48 44.52
44.52 45.12
45.12 47.80
47.80 48.28
48.28 51.64
51.64 52.32
52.32 54.12
54.12 55.16
55.16 56.80
56.80 58.24
58.24 58.72
58.72 60.48
60.48 63.60
63.60 64.32
64.32 64.68
64.68 65.56
65.56 68.44
68.44 71.36
71.36 74.32
74.32 74.56
74.56 75.08
75.08 76.60
76.60 80.56
80.56 83.48
83.48 84.36
84.36 86.20
86.20 87.68
87.68 93.48
93.48 97.52
97.52 99.04
99.04 101.96
101.96 104.24
104.24 105.36
105.36 107.28
107.28 113.96
113.96 117.76
117.76 119.88
119.88 122.04
122.04 123.52
123.52 124.48
124.48 126.76
126.76 129.40
129.40 131.52
131.52 133.88
133.88 135.44
135.44 138.68
138.68 138.88
138.88 141.24
141.24 143.44
143.44 145.40
145.40 146.64
146.64 150.28
150.28 151.04
151.04 152.08
152.08 155.72
155.72 158.44
158.44 159.60
159.60 159.92
159.92 162.08
162.08 163.84
163.84 165.12
165.12 168.08
168.08 170.16
170.16 170.52
170.52 171.72
171.72 173.48
173.48 174.36
174.36 175.80
175.80 177.92
177.92 181.88
181.88 184.68
184.68 185.48
185.48 186.44
186.44 187.68
187.68 190.36
190.36 191.32
191.32 193.92
193.92 197.40
197.40 199.36
199.36 202.04
202.04 203.76
203.76 204.60
204.60 207.44
207.44 208.76
208.76 210.08
210.08 212.24
212.24 213.52
213.52 214.08
214.08 214.40
214.40 215.16
215.16 216.56
216.56 218.04
218.04 220.84
220.84 221.68
221.68 223.80
223.80 225.76
225.76 228.12
228.12 235.00
235.00 241.32