0.00 3.52
3.52 5.60
5.60 8.64
8.64 10.44
10.44 12.56
12.56 14.40
14.40 14.84
14.84 15.56
15.56 17.32
17.32 19.56
19.56 21.32
21.32 26.84
26.84 28.84
28.84 31.12
31.12 33.92
33.92 34.48
34.48 36.20
36.20 42.04
42.04 47.68
47.68 50.08
50.08 53.04
53.04 57.16
57.16 58.80
58.80 61.76
61.76 63.08
63.08 63.44
63.44 64.16
64.16 67.28
67.28 67.92
67.92 70.28
70.28 72.88
72.88 74.60
74.60 77.84
77.84 78.48
78.48 81.32
81.32 83.48
83.48 84.96
84.96 87.40
87.40 88.32
88.32 90.16
90.16 90.88
90.88 91.96
91.96 92.32
92.32 93.04
93.04 96.04
96.04 97.48
97.48 98.28
98.28 98.92
98.92 101.20
101.20 102.72
102.72 103.56
103.56 104.68
104.68 107.68
107.68 109.20
109.20 111.88
111.88 113.36
113.36 115.00
115.00 117.24
117.24 119.68
119.68 120.48
120.48 129.28
129.28 131.76
131.76 132.60
132.60 134.16
134.16 140.20
140.20 140.72
140.72 142.60
142.60 146.20
146.20 150.08
150.08 151.64
151.64 153.36
153.36 153.84
153.84 155.80
155.80 160.48
160.48 161.60
161.60 165.88
165.88 168.04
168.04 168.72
168.72 171.64
171.64 174.00
174.00 176.84
176.84 179.28
179.28 182.80
182.80 187.44
187.44 189.20
189.20 191.64
191.64 193.00
193.00 194.60
194.60 195.84
195.84 197.16
197.16 198.12
198.12 202.72
202.72 204.60
204.60 206.76
206.76 209.16
209.16 210.72
210.72 212.84
212.84 213.08
213.08 214.48
214.48 217.64
217.64 221.40
221.40 224.80
224.80 225.48
225.48 228.08
228.08 230.20
230.20 232.96
232.96 233.68
233.68 234.80
234.80 236.32
236.32 238.04
238.04 240.64
240.64 242.48
242.48 244.20
244.20 245.56
245.56 245.92
245.92 246.88
246.88 247.80
247.80 249.32
249.32 250.64
250.64 252.08
252.08 253.52
253.52 257.24
257.24 260.40
260.40 261.28