2.67 3.66
4.89 6.53
7.52 8.85
9.62 11.12
13.60 14.27
4.22 5.61
7.77 9.67
10.02 12.40
13.59 14.84
15.75 16.67
16.67 18.12
18.13 19.53
19.55 22.01
22.24 23.83
23.84 25.72
25.74 29.01
29.02 30.35
30.35 31.57
32.29 33.68
34.03 36.24
38.07 40.77
41.58 44.64
44.65 45.97
46.30 47.81
48.01 50.00
50.79 52.97
52.98 55.51
57.30 60.16
61.71 64.65
67.67 68.43
68.91 71.41
71.49 73.34
78.75 80.96
81.16 82.45
83.86 85.11
85.12 88.52
88.53 89.87
90.25 91.42
92.49 95.07
95.82 96.70
96.70 98.17
102.72 104.84
104.85 105.90
106.09 108.96
112.10 114.56
114.59 115.67
115.68 116.83
118.55 121.45
123.43 125.00
125.47 126.95
127.95 130.41
131.81 133.78
133.80 136.07
136.72 139.96
141.12 142.94
143.25 145.08
145.80 149.11
153.60 155.63
155.90 156.94
157.61 160.63
160.63 161.73
161.74 164.08
164.08 165.11
165.83 167.80
171.03 174.68
175.06 176.50
176.50 179.19
179.99 182.22
182.22 183.30
183.45 186.15
186.31 188.55
188.66 189.98
191.72 193.42
194.39 195.27
195.31 197.64
198.09 200.54
200.83 202.44
203.63 204.96
207.61 208.99
208.99 210.32
210.91 212.36
213.00 214.25
215.56 216.89
218.44 219.75
220.14 222.48
222.95 224.77
227.05 228.65
229.20 230.86
231.13 232.07
236.39 238.18
238.33 239.82
239.91 241.54
242.68 246.22
246.74 249.22
249.41 250.99
251.00 252.93
253.12 254.18
254.88 255.72
256.04 257.61
260.92 262.94
263.50 266.78
