1.95 5.66
6.75 7.79
9.13 11.46
12.65 15.84
17.63 19.72
34.69 36.57
36.99 40.2
73.06 75.69
90.09 91.09
94.05 95.26
103.35 104.23
105.77 109.48
109.65 110.86
111.86 114.49
114.86 117.7
121.12 123.79
124.04 125.17
125.25 127.04
127.17 128.75
128.88 129.8
130.21 132.09
132.59 134.01
134.88 136.14
136.26 139.31
139.47 142.06
142.18 144.06
144.19 145.73
145.85 148.65
148.65 152.25
201.33 202.2
202.95 203.95
206.62 207.83
207.96 210.25
210.65 213.05
213.63 216.47
216.55 218.55
218.68 220.35
220.47 221.93
222.1 225.77
225.89 228.81
228.94 230.94
233.98 236.19
238.61 240.53
240.95 243.7
243.79 245.33
245.33 247
252.21 253.71
254.92 255.96
279.95 283.55