0.85 3.56
3.64 8.02
9.48 12.48
25.04 29.54
29.63 32.26
32.55 34.17
34.26 38.51
39.72 41.81
42.35 44.43
45.14 48.35
51.61 54.07
56.45 58.99
64.62 66.75
66.83 70.54
79.55 82.3
88.23 89.48
89.73 91.19
92.65 94.9
98.91 101.82
101.91 103.83
105.08 108.75
108.83 111.42
111.59 114.21
114.3 117.05
117.13 120.18
120.26 123.6
123.68 126.97
128.39 129.81
129.89 131.35
131.44 132.98
133.06 136.69
137.15 139.86
139.95 142.36
142.45 144.37
144.45 147.87
147.95 159.17
159.84 161.01
161.09 163.39
163.47 166.97
167.06 171.35
171.6 175.69