0.00 1.68
1.68 5.88
5.88 10.04
10.04 13.12
13.12 19.52
19.52 21.68
21.68 26.20
26.20 30.28
30.28 37.88
37.88 40.04
40.04 43.12
43.12 45.28
45.28 49.56
49.56 51.32
51.32 51.64
51.64 52.80
52.80 56.28
56.28 59.96
59.96 61.40
61.40 62.88
62.88 63.76
63.76 64.64
64.64 70.56
70.56 75.24
75.24 81.80
81.80 82.40
82.40 83.12
83.12 84.44
84.44 86.92
86.92 89.48
89.48 94.80
94.80 97.92
97.92 100.52
100.52 103.44
103.44 105.92
105.92 108.28
108.28 109.96
109.96 113.92
113.92 116.68
116.68 117.68
117.68 118.36
118.36 120.08
120.08 122.24
122.24 123.20
123.20 124.24
124.24 126.20
126.20 128.68
128.68 134.00
134.00 137.40
137.40 138.76
138.76 140.96
140.96 143.48
143.48 144.72
144.72 146.36
146.36 147.72
147.72 153.48
153.48 154.08
154.08 155.44
155.44 157.16
157.16 158.92
158.92 162.60
162.60 163.88
163.88 166.40
166.40 168.16
168.16 170.28
170.28 173.20
173.20 176.40
176.40 177.52
177.52 178.16
178.16 180.24
180.24 182.52
182.52 183.96
183.96 190.08
190.08 191.48
191.48 193.00
193.00 197.92
197.92 199.40
199.40 201.16
201.16 204.68
204.68 208.36
208.36 210.80
210.80 216.08
216.08 219.16
219.16 219.92
219.92 221.56
221.56 223.12
223.12 224.52
224.52 226.92
226.92 228.00
228.00 229.48
229.48 232.36
232.36 234.12
234.12 234.84
234.84 237.56
237.56 238.84
238.84 240.76
240.76 245.12
245.12 247.08
247.08 248.76
248.76 248.92
248.92 249.84
249.84 251.56
251.56 252.76
252.76 253.12
253.12 256.96
256.96 258.56
258.56 260.56
260.56 263.68