0.00 1.76
1.76 4.16
4.16 6.00
6.00 7.28
7.28 8.64
8.64 10.92
10.92 12.36
12.36 14.44
14.44 16.24
16.24 18.56
18.56 22.08
22.08 25.04
25.04 28.52
28.52 31.84
31.84 34.84
34.84 38.32
38.32 41.44
41.44 45.64
45.64 47.56
47.56 51.68
51.68 52.56
52.56 53.28
53.28 59.56
59.56 61.52
61.52 64.92
64.92 67.92
67.92 69.08
69.08 72.08
72.08 72.84
72.84 73.24
73.24 75.32
75.32 77.12
77.12 78.20
78.20 79.52
79.52 82.28
82.28 84.00
84.00 88.60
88.60 89.64
89.64 92.48
92.48 94.88
94.88 97.56
97.56 98.40
98.40 100.56
100.56 102.04
102.04 103.24
103.24 104.60
104.60 106.92
106.92 109.80
109.80 111.00
111.00 113.96
113.96 116.44
116.44 118.28
118.28 119.76
119.76 121.08
121.08 122.64
122.64 124.32
124.32 124.56
124.56 126.56
126.56 127.40
127.40 128.40
128.40 132.64
132.64 133.96
133.96 136.00
136.00 137.16
137.16 139.44
139.44 142.00
142.00 144.36
144.36 144.92
144.92 145.76
145.76 147.32
147.32 148.92
148.92 151.24
151.24 153.32
153.32 153.88
153.88 154.20
154.20 155.08
155.08 157.72
157.72 158.00
158.00 158.84
158.84 162.32
162.32 163.96
163.96 165.56
165.56 165.76
165.76 167.04
167.04 168.04
168.04 169.68
169.68 171.16
171.16 175.08
175.08 177.28
177.28 178.72
178.72 181.56
181.56 187.08
187.08 189.36
189.36 191.68
191.68 192.16
192.16 194.16
194.16 195.48
195.48 196.28
196.28 198.64
198.64 200.08
200.08 201.52
201.52 202.16
202.16 202.68
202.68 205.28
205.28 207.24
207.24 208.96
208.96 209.36
209.36 210.56
210.56 211.08
211.08 212.44
212.44 213.28
213.28 215.00
215.00 216.96
216.96 219.96
219.96 221.44
221.44 225.08
225.08 226.76
226.76 230.12
230.12 233.16
233.16 236.04
236.04 237.60
237.60 238.60
238.60 239.44
239.44 242.68
242.68 244.96
244.96 245.92
245.92 246.44
246.44 247.88
247.88 249.96
249.96 250.68
250.68 251.08
251.08 252.28
252.28 254.40
254.40 256.44
256.44 256.76
256.76 260.20
260.20 263.52
263.52 271.28