25.92 28.03
30 33.67
33.76 36.88
36.96 42.27
42.68 46.56
47.4 49.79
50.48 53.63
64.32 65.83
65.92 72.27
72.84 80.35
80.44 82.79
84.48 87.95
88.04 94.59
95.8 98.31
99.16 101.72
103.08 105.07
107.24 109.04
109.12 111.87
111.96 114.35
118.08 120.27
120.36 122.67
122.76 127.67
128.44 132.95
133.52 138.59
140.64 142.63
142.72 145.15
146.52 148.71
151.48 155.31
155.4 161.39
162.36 165.11
165.8 169.76
169.84 172.19
172.28 174.39
174.48 176.55
176.64 178.15
178.24 180.51
180.6 183.83
183.92 190.36
191.68 193.67
193.76 198.31
199.36 205.35
212.88 216.79
216.88 221.27
227.28 229.03
229.12 232.16
232.88 237.83
237.92 240.11
241.2 245.59
245.68 251.2
254.28 256.16
256.24 258.59
259.28 261.27
264.04 266.03
271.16 274.59
275.92 278.91
279 280.67
280.76 283.19
283.28 285.84
289.76 292.15
295.56 298.07
298.16 302.23
307.8 309.83
309.92 311.19
318.44 321.4
325.16 327.91
328.4 331.07
333.2 334.35
336 338.03
343.2 346.83
348 351.59
353.2 356.95
358.2 360.55