0.00 2.40
2.40 3.28
3.28 4.68
4.68 8.88
8.88 15.08
15.08 17.40
17.40 18.36
18.36 20.48
20.48 21.80
21.80 24.52
24.52 30.00
30.00 32.08
32.08 35.12
35.12 38.40
38.40 43.92
43.92 45.80
45.80 47.44
47.44 48.08
48.08 49.48
49.48 51.96
51.96 54.76
54.76 57.44
57.44 61.00
61.00 63.04
63.04 64.36
64.36 68.08
68.08 69.12
69.12 72.48
72.48 74.96
74.96 76.72
76.72 82.96
82.96 84.84
84.84 87.88
87.88 97.76
97.76 100.76
100.76 102.60
102.60 105.12
105.12 111.24
111.24 112.64
112.64 116.72
116.72 118.60
118.60 119.68
119.68 120.80
120.80 123.84
123.84 126.08
126.08 128.56
128.56 130.28
130.28 131.48
131.48 133.12
133.12 134.16
134.16 138.44
138.44 141.00
141.00 142.80
142.80 144.60
144.60 146.08
146.08 147.84
147.84 150.76
150.76 153.32
153.32 155.68
155.68 159.60
159.60 163.52
163.52 167.08
167.08 170.40
170.40 172.56
172.56 175.24
175.24 179.32
179.32 180.76
180.76 181.64
181.64 182.04
182.04 182.68
182.68 183.48
183.48 184.88
184.88 188.80
188.80 192.44
192.44 195.00
195.00 195.28
195.28 199.12
199.12 202.60
202.60 210.00
210.00 210.76
210.76 212.04
212.04 212.84
212.84 216.84
216.84 220.08
220.08 224.08
224.08 226.24
226.24 229.44
229.44 231.44
231.44 233.76
233.76 236.20
236.20 237.44
237.44 237.88
237.88 239.24
239.24 240.64
240.64 243.40
243.40 245.52
245.52 247.32