0.17 1.94
2.03 4.39
4.47 5.99
6.04 8.06
8.16 9.80
9.92 11.84
12.23 14.62
15.12 16.00
16.29 17.27
17.71 19.55
19.84 21.37
21.72 23.11
23.58 24.93
25.12 26.20
26.45 27.41
27.56 28.37
28.60 32.35
32.37 36.34
36.54 39.48
39.81 41.80
42.01 44.57
44.97 46.92
46.92 48.83
48.93 50.78
51.21 52.84
53.23 55.15
55.17 57.85
57.88 60.32
60.64 61.16
61.23 62.47
62.52 66.06
66.31 69.01
69.40 69.97
70.41 72.67
73.04 74.28
74.32 76.24
76.58 79.07
79.64 81.73
81.99 84.47
84.76 87.27
87.69 89.38
89.75 92.45
92.62 94.74
95.29 96.79
97.19 98.41
98.91 100.52
100.81 102.32
102.90 104.83
105.04 106.18
106.60 108.91
109.75 111.11
111.51 113.18
113.38 114.75
115.00 116.47
117.46 118.72
118.87 120.10
120.34 121.99
122.47 123.84
124.04 125.58
126.45 128.07
128.33 130.08
130.34 131.83
132.20 133.40
133.78 135.08
135.34 138.31
138.56 139.84
140.07 142.40
142.63 143.33
143.91 144.46
144.64 147.57
147.86 150.08
150.35 152.25
152.62 154.56
154.79 157.72
157.92 159.08
159.44 160.53
160.90 163.38
163.71 165.76
167.33 169.84
170.19 172.77
173.13 174.80
175.18 178.53
178.76 180.88
182.44 184.96
185.10 189.40
189.44 192.84
193.12 194.44
194.84 196.78
197.11 199.56
199.88 201.68
201.83 202.92
203.28 205.79
206.01 207.72
208.04 210.08
210.22 213.04
214.42 215.23
215.54 218.49
218.80 220.04
220.43 223.57
224.22 227.14
227.50 230.16
230.41 233.13
233.34 235.03
235.28 238.65
238.86 240.52
240.84 242.70
243.09 245.96
246.32 247.69
247.86 249.40
249.67 253.26
253.57 255.76
256.04 258.46
258.76 261.48
261.91 264.10
264.81 266.24
266.75 268.93
273.18 275.37
275.61 277.72
277.96 281.62
281.84 285.04
285.08 286.84
289.30 290.51
