0.16 0.81
0.98 2.28
2.28 4.47
4.94 8.21
8.18 9.95
10.04 11.81
11.87 13.89
13.88 15.04
15.31 17.72
17.95 20.16
20.45 22.00
22.30 23.55
23.84 26.78
27.10 29.16
29.44 30.24
30.24 32.24
32.51 33.37
33.68 34.48
34.78 37.32
37.59 39.36
39.72 40.88
41.11 43.68
43.96 45.20
45.38 47.01
47.31 48.29
48.50 49.32
49.54 51.61
51.96 53.98
54.46 55.54
55.87 57.02
57.30 58.12
58.12 60.30
60.66 62.60
62.89 65.20
65.19 67.04
67.32 68.61
68.76 70.58
70.72 71.98
72.30 74.34
74.38 76.00
76.00 78.04
78.04 80.40
80.69 82.02
82.28 83.16
83.38 85.48
85.72 86.51
86.62 88.70
88.94 89.70
89.77 92.31
92.34 95.58
95.83 98.43
98.66 101.02
101.39 102.73
102.84 103.72
103.97 105.84
106.12 108.39
108.64 110.18
110.90 113.44
113.58 116.34
116.32 119.44
119.44 122.09
122.36 123.36
124.02 126.11
126.12 128.92
129.13 131.40
132.06 133.78
133.77 135.96
135.96 139.61
139.97 142.58
142.72 145.08
145.34 147.92
148.42 152.00
152.17 155.28
155.56 157.55
157.55 160.61
160.86 165.04
165.69 168.65
168.64 170.74
171.26 173.01
173.12 175.38
175.42 178.37
178.65 181.60
182.36 184.22
184.21 186.46
186.84 188.74
188.74 190.72
191.21 193.17
193.15 195.63
195.68 198.73
198.71 201.44
201.88 203.08
203.29 204.46
204.56 206.04
206.04 207.36
207.53 209.89
210.04 211.84
211.84 214.43
215.41 219.05
219.04 220.24
220.43 221.96
222.29 223.32
223.34 224.96
224.99 227.07
227.34 229.57
229.57 232.68
233.09 235.87
236.28 238.66
238.66 240.92
240.92 242.88
242.88 244.44
245.48 246.11
248.00 249.38
250.20 253.53
