2.79 3.72
4.89 6.52
7.52 8.74
9.78 11.19
13.61 14.35
18.75 20.20
22.99 25.96
26.28 27.12
27.17 29.82
33.23 34.55
35.28 37.44
37.45 38.64
41.33 43.07
43.08 45.04
46.75 48.67
50.82 53.82
53.81 55.60
56.93 58.58
59.58 61.22
63.47 65.05
65.06 66.27
70.85 72.22
74.37 75.79
80.00 81.99
83.44 84.89
85.30 87.45
87.57 89.77
90.34 92.92
93.34 94.24
94.28 95.58
96.02 96.86
96.86 98.40
98.51 99.60
99.64 102.22
102.25 104.26
105.30 107.43
107.76 109.31
109.46 112.34
113.31 113.88
116.15 118.70
120.41 121.04
121.19 122.61
122.70 124.23
124.62 126.06
126.09 127.89
127.93 128.94
128.97 130.80
131.01 133.17
134.63 135.87
135.90 137.38
139.70 140.74
141.28 143.37
143.55 144.45
144.46 146.18
146.21 146.91
146.95 148.89
151.86 152.83
153.36 155.07
157.98 159.10
164.15 165.58
166.12 167.32
167.37 168.80
168.85 170.72
170.93 173.10
176.30 179.33
179.56 181.84
183.11 184.56
186.69 188.98
189.16 190.55
192.09 193.23
194.35 197.05
197.05 198.58
200.04 201.94
202.36 204.14
204.23 205.98
205.99 207.64
207.84 209.34
210.58 212.51
212.73 213.75
213.77 215.11
217.69 218.43
218.44 220.61
220.64 222.34
222.34 224.30
230.70 231.41
231.45 233.12
234.63 235.77
236.02 238.07
238.18 239.78
240.07 241.48
242.61 244.04
245.18 246.06
246.07 248.06
248.09 250.63
250.67 251.56
251.62 253.52
253.65 254.90
255.12 256.69
256.72 258.16
264.66 265.67
265.84 267.11
267.14 268.47
269.57 271.31
271.37 272.87
272.87 273.90
273.91 275.49
277.19 277.91
277.97 279.82