0.00 0.00
0.00 0.00
0.00 0.00
0.00 0.00
0.00 0.00
0.00 0.00
0.00 0.00
0.00 0.00
0.00 0.00
0.00 0.00
0.00 0.00
0.00 0.00
0.00 0.00
0.00 0.00
0.00 0.00
0.00 0.00
0.00 0.00
0.00 0.00
0.00 0.00
0.00 0.00
0.00 0.00
0.00 0.00
0.00 0.00
0.00 0.00
0.00 0.00
0.00 0.00
0.00 0.00
0.00 0.00
0.00 0.00
0.00 0.00
0.00 0.00
0.00 0.00
0.00 0.00
0.00 0.00
0.00 0.00
0.00 0.00
0.00 0.00
0.00 0.00
0.00 0.00
0.00 0.00
0.00 0.00
0.00 0.00
0.00 0.00
0.00 0.00
0.00 0.00
0.00 0.00
0.00 0.00
0.00 0.00
0.00 0.00
0.00 0.00
0.00 0.00
0.00 0.00
0.00 0.00
0.00 0.00
0.00 0.00
0.00 0.00
0.00 0.00
0.00 0.00
0.00 0.00
0.00 0.00
0.00 0.00
0.00 0.00
0.00 0.00
0.00 0.00
0.00 0.00
0.00 0.00
0.00 0.00
0.00 0.00
0.00 0.00
0.00 0.00
0.00 0.00
0.00 0.00
0.00 0.00
0.00 0.00
0.00 0.00
0.00 0.00
0.00 0.00
0.00 0.00
0.00 0.00
0.00 0.00
0.00 0.00
0.00 0.00
0.00 0.00
0.00 0.00
0.00 0.00
0.00 0.00
0.00 0.00
0.00 0.00
0.00 0.00
0.00 0.00
0.00 0.00
0.34 2.99
3.13 3.71
4.06 7.24
7.38 9.81
9.92 12.97
13.25 14.84
15.01 18.22
18.28 19.26
19.36 20.90
21.18 23.57
23.61 24.79
24.82 26.01
26.03 27.16
27.95 29.52
29.52 31.76
31.96 34.13
34.19 35.14
35.45 36.59
36.72 39.82
40.27 41.45
41.55 43.43
43.66 45.92
45.99 49.01
49.16 51.22
51.38 53.98
54.19 57.54
57.99 60.46
61.04 63.84
64.31 65.44
65.72 68.18
68.70 69.85
70.10 72.46
72.47 75.54
75.55 77.45
77.68 81.79
81.90 83.84
84.17 86.14
86.64 88.12
88.38 90.56
90.76 95.14
95.74 97.34
97.51 100.09
100.40 101.16
101.43 103.00
103.32 107.37
107.64 108.65
109.04 110.72
110.80 112.90
113.14 116.43
116.94 118.84
118.89 120.37
120.47 122.86
122.99 125.12
125.44 128.02
128.30 131.07
131.62 133.52
133.66 135.06
135.26 140.15
140.34 142.16
142.18 144.45
144.81 147.59
147.69 149.42
149.60 152.50
152.74 156.57
157.16 157.92
158.46 161.56
161.86 164.61
165.32 168.36
168.34 170.11
170.22 173.72
174.13 176.16
176.22 178.30
178.86 182.81
182.93 184.91
185.23 190.14
190.67 193.28
193.52 198.32
198.77 201.32
201.59 203.86
204.04 205.03
205.30 208.10
208.68 211.70
212.20 214.90
214.96 216.06
216.26 219.05
219.20 223.89
224.53 227.28
227.46 228.92
229.14 231.66
231.76 235.64
236.01 238.86
