2.79 3.72
4.89 6.52
7.52 8.74
9.78 11.19
13.61 14.35
17.31 18.61
20.83 23.17
24.06 25.49
25.51 27.80
27.99 29.91
29.98 32.25
33.19 34.69
35.08 38.66
38.97 40.73
41.09 43.58
43.62 46.18
46.23 47.97
49.08 51.94
52.14 53.56
53.70 56.60
57.15 58.87
58.90 60.45
63.22 65.55
70.24 71.98
72.24 73.36
73.54 74.29
74.53 76.06
76.11 77.17
77.52 78.98
79.02 81.21
81.37 83.89
83.92 85.95
86.09 89.81
89.84 91.59
91.80 92.90
93.01 94.08
94.16 96.70
96.81 99.20
99.27 102.02
103.94 104.96
104.99 108.92
108.98 111.40
111.46 112.16
112.36 114.81
114.84 115.41
115.47 116.26
116.32 117.10
117.13 119.56
119.91 120.71
122.39 125.15
125.17 126.95
127.33 132.45
132.47 135.86
135.87 137.47
137.50 140.21
140.24 141.82
143.61 146.14
146.19 149.08
149.21 151.91
152.04 153.92
158.30 161.50
161.61 162.63
162.73 165.46
165.47 166.69
166.70 169.92
170.10 172.77
172.78 174.76
174.77 176.33
178.39 180.29
180.33 182.23
182.34 185.22
185.41 186.98
187.77 190.94
190.96 191.85
193.57 194.50
194.72 196.54
196.61 199.14
200.80 202.12
202.56 205.36
206.73 208.15
208.16 210.79
210.98 213.26
213.96 215.05
215.24 217.58
222.49 223.48
223.86 225.67
226.09 227.02
227.12 229.24
229.96 231.23
231.53 233.53
233.84 235.91
237.83 239.47
239.80 242.28
242.70 243.99
244.90 246.73
247.23 249.44
250.04 251.18
253.44 255.50
256.27 258.51
258.75 260.36
260.62 264.30
265.01 266.58
269.99 271.05
271.11 272.06
272.16 274.15
274.25 275.23
275.66 278.23
279.50 281.64
287.69 288.63
289.26 290.43
291.16 292.82
293.52 294.93