0.00 3.04
3.04 5.00
5.00 6.96
6.96 7.96
7.96 10.20
10.20 12.72
12.72 14.36
14.36 16.00
16.00 17.52
17.52 19.64
19.64 22.24
22.24 23.00
23.00 23.80
23.80 26.08
26.08 27.80
27.80 28.84
28.84 29.56
29.56 30.60
30.60 32.72
32.72 33.92
33.92 34.72
34.72 37.12
37.12 39.96
39.96 45.36
45.36 47.84
47.84 50.20
50.20 52.00
52.00 52.84
52.84 56.64
56.64 58.52
58.52 60.48
60.48 60.68
60.68 61.36
61.36 62.72
62.72 65.28
65.28 66.88
66.88 69.72
69.72 71.64
71.64 75.16
75.16 76.00
76.00 77.44
77.44 81.36
81.36 85.28
85.28 86.84
86.84 87.88
87.88 89.52
89.52 91.60
91.60 93.52
93.52 95.88
95.88 97.52
97.52 101.20
101.20 104.92
104.92 109.08
109.08 111.68
111.68 112.96
112.96 115.72
115.72 117.04
117.04 118.88
118.88 120.92
120.92 126.56
126.56 129.12
129.12 132.08
132.08 135.28
135.28 137.16
137.16 139.76
139.76 141.72
141.72 142.88
142.88 143.68
143.68 144.56
144.56 146.88
146.88 150.76
150.76 153.72
153.72 155.08
155.08 159.80
159.80 160.92
160.92 161.56
161.56 164.28
164.28 165.60
165.60 167.32
167.32 168.08
168.08 169.92
169.92 173.36
173.36 176.76
176.76 180.04
180.04 181.96
181.96 184.12
184.12 186.48
186.48 188.20
188.20 189.16
189.16 193.68
193.68 194.16
194.16 194.60
194.60 195.92
195.92 200.12
200.12 206.12
206.12 207.80
207.80 210.72
210.72 214.56
214.56 218.92
218.92 222.32
222.32 225.20
225.20 228.48
228.48 233.72
233.72 239.72
239.72 240.56
240.56 245.32