0.00 4.16
4.16 7.16
7.16 8.32
8.32 12.44
12.44 14.68
14.68 15.24
15.24 16.28
16.28 18.48
18.48 19.24
19.24 23.24
23.24 27.00
27.00 30.92
30.92 33.20
33.20 36.20
36.20 38.40
38.40 39.76
39.76 40.88
40.88 41.44
41.44 41.88
41.88 42.96
42.96 45.00
45.00 46.08
46.08 47.36
47.36 48.48
48.48 48.96
48.96 50.08
50.08 52.56
52.56 56.24
56.24 57.56
57.56 59.84
59.84 60.80
60.80 61.32
61.32 62.68
62.68 63.68
63.68 64.44
64.44 65.72
65.72 67.24
67.24 68.56
68.56 71.16
71.16 72.48
72.48 74.72
74.72 78.00
78.00 79.44
79.44 81.84
81.84 84.08
84.08 86.88
86.88 88.96
88.96 90.84
90.84 92.40
92.40 93.20
93.20 95.72
95.72 96.36
96.36 98.72
98.72 101.76
101.76 101.88
101.88 104.36
104.36 107.92
107.92 109.64
109.64 111.64
111.64 114.60
114.60 118.36
118.36 120.36
120.36 121.12
121.12 123.24
123.24 125.20
125.20 126.48
126.48 128.12
128.12 129.96
129.96 131.56
131.56 134.16
134.16 138.04
138.04 140.84
140.84 142.32
142.32 143.64
143.64 144.36
144.36 145.28
145.28 145.88
145.88 146.52
146.52 147.96
147.96 149.08
149.08 150.16
150.16 151.28
151.28 152.12
152.12 153.60
153.60 155.12
155.12 155.32
155.32 156.64
156.64 158.68
158.68 159.68
159.68 160.44
160.44 161.96
161.96 164.72
164.72 166.88
166.88 168.20
168.20 169.24
169.24 170.16
170.16 170.48
170.48 171.44
171.44 174.48
174.48 175.60
175.60 176.52
176.52 177.36
177.36 178.96
178.96 180.52
180.52 182.52
182.52 184.28
184.28 184.76
184.76 185.12
185.12 186.36
186.36 187.40
187.40 191.44
191.44 192.60
192.60 195.56
195.56 196.44
196.44 199.40
199.40 200.32
200.32 201.76
201.76 202.28
202.28 204.00
204.00 205.04
205.04 206.32
206.32 208.04
208.04 209.52
209.52 212.24
212.24 213.36
213.36 216.24
216.24 217.40
217.40 222.40
222.40 224.08
224.08 226.40
226.40 228.16
228.16 230.48
230.48 233.84
233.84 239.32
239.32 242.36
242.36 244.08
244.08 249.40
249.40 252.88
252.88 255.80
255.80 256.20
256.20 257.12
257.12 257.60
257.60 258.36
258.36 261.40
261.40 264.96