0.00 1.36
1.36 3.56
3.56 5.08
5.08 6.52
6.52 8.92
8.92 11.44
11.44 14.80
14.80 17.28
17.28 23.56
23.56 27.16
27.16 27.36
27.36 28.20
28.20 34.52
34.52 38.20
38.20 39.84
39.84 41.32
41.32 42.72
42.72 46.84
46.84 50.08
50.08 52.40
52.40 54.36
54.36 58.28
58.28 63.48
63.48 64.84
64.84 65.24
65.24 67.04
67.04 68.16
68.16 69.60
69.60 71.56
71.56 73.72
73.72 76.32
76.32 76.84
76.84 78.40
78.40 80.60
80.60 88.12
88.12 92.00
92.00 98.12
98.12 98.72
98.72 99.64
99.64 101.40
101.40 104.48
104.48 106.52
106.52 113.56
113.56 115.00
115.00 119.00
119.00 122.32
122.32 123.00
123.00 123.84
123.84 128.20
128.20 130.56
130.56 134.08
134.08 136.64
136.64 142.20
142.20 144.52
144.52 146.28
146.28 146.92
146.92 150.56
150.56 151.88
151.88 153.92
153.92 155.68
155.68 159.96
159.96 160.92
160.92 163.04
163.04 164.12
164.12 166.88
166.88 169.16
169.16 170.04
170.04 170.76
170.76 172.28
172.28 175.76
175.76 176.76
176.76 180.92
180.92 183.48
183.48 186.28
186.28 188.56
188.56 190.52
190.52 192.48
192.48 193.24
193.24 193.36
193.36 195.36
195.36 196.04
196.04 198.04
198.04 199.88
199.88 203.44
203.44 206.20
206.20 208.08
208.08 209.24
209.24 211.68
211.68 214.24
214.24 216.40
216.40 217.76
217.76 218.60
218.60 219.92
219.92 222.68
222.68 227.40
227.40 229.20
229.20 235.08
235.08 239.32
239.32 240.36
240.36 242.60
242.60 246.36
246.36 249.12
249.12 250.84
250.84 251.44
251.44 251.96
251.96 254.20
254.20 257.96
257.96 261.56
261.56 269.56