3.62 5.15
6.75 9.08
9.09 10.60
10.97 13.81
14.37 15.65
16.04 18.34
18.34 21.52
21.52 22.44
22.48 24.32
24.33 25.89
26.90 28.74
28.77 30.71
33.37 35.62
36.02 37.48
37.48 38.88
39.02 41.03
41.15 43.04
43.49 45.36
45.36 47.60
48.65 49.84
49.84 51.70
51.71 53.37
56.30 57.91
57.98 61.40
62.08 63.10
63.11 64.60
64.62 66.41
66.45 69.61
69.62 70.56
70.96 72.18
73.45 76.43
76.63 78.71
81.71 83.48
83.59 84.74
84.85 86.54
87.09 88.87
89.73 92.22
95.78 97.21
97.26 98.47
98.88 100.95
101.09 101.99
102.31 103.65
103.66 105.86
106.21 107.12
107.72 110.28
110.30 114.40
114.41 115.44
116.92 119.47
120.07 123.16
123.17 124.16
124.17 125.61
125.62 127.84
127.88 129.79
131.29 132.66
132.84 134.72
134.93 137.02
137.58 140.90
141.24 143.35
144.30 145.42
147.51 149.06
149.08 149.89
149.91 151.11
151.13 153.10
157.78 158.43
158.44 159.73
159.95 161.95
163.40 166.32
166.33 167.87
168.93 169.98
170.04 172.91
176.17 176.75
176.79 177.84
178.25 180.63
180.64 182.55
182.69 183.79
184.07 186.64
190.29 192.33
192.37 194.37
194.83 198.38
198.38 201.72
203.32 204.92
204.97 207.32
207.32 208.59
209.01 211.19
211.19 212.85
212.91 215.41
215.68 218.11
218.71 220.01
220.36 223.85
223.98 225.71
227.67 230.15
230.16 232.67
234.74 235.42
235.94 237.82
237.82 240.71
241.60 242.98
243.98 246.53
246.58 249.82
249.86 251.22
251.33 253.53
253.54 255.57
257.34 260.57
261.72 265.25