0.00 5.36
5.36 6.20
6.20 9.00
9.00 13.12
13.12 16.48
16.48 20.00
20.00 22.92
22.92 25.24
25.24 30.36
30.36 33.40
33.40 42.60
42.60 45.20
45.20 49.36
49.36 56.44
56.44 60.68
60.68 63.32
63.32 65.96
65.96 70.32
70.32 75.12
75.12 75.88
75.88 78.04
78.04 79.16
79.16 81.16
81.16 81.96
81.96 83.76
83.76 86.68
86.68 88.24
88.24 88.96
88.96 91.48
91.48 94.20
94.20 97.36
97.36 99.40
99.40 104.84
104.84 110.64
110.64 113.80
113.80 118.92
118.92 119.72
119.72 120.20
120.20 121.52
121.52 122.88
122.88 126.84
126.84 129.68
129.68 136.00
136.00 138.84
138.84 143.52
143.52 146.52
146.52 148.88
148.88 150.36
150.36 152.76
152.76 154.40
154.40 157.52
157.52 160.04
160.04 162.88
162.88 165.76
165.76 167.76
167.76 170.08
170.08 171.36
171.36 172.16
172.16 172.92
172.92 177.00
177.00 178.80
178.80 181.08
181.08 182.24
182.24 184.44
184.44 186.28
186.28 189.52
189.52 192.04
192.04 192.80
192.80 194.00
194.00 195.08
195.08 198.64
198.64 199.88
199.88 200.72
200.72 202.56
202.56 204.68
204.68 208.60
208.60 210.52
210.52 211.12
211.12 212.48
212.48 217.16
217.16 218.60
218.60 221.20
221.20 223.48
223.48 226.24
226.24 228.40
228.40 235.08