0.00 0.00
0.00 0.00
0.00 0.00
0.00 0.00
0.00 0.00
0.00 0.00
0.00 0.00
0.00 0.00
0.00 0.00
0.00 0.00
0.00 0.00
0.00 0.00
0.00 0.00
0.00 0.00
0.00 0.00
0.00 0.00
0.00 0.00
0.00 0.00
0.00 0.00
0.00 0.00
0.00 0.00
0.00 0.00
0.00 0.00
0.00 0.00
0.00 0.00
0.00 0.00
0.00 0.00
0.00 0.00
0.00 0.00
0.00 0.00
0.00 0.00
0.00 0.00
0.00 0.00
0.00 0.00
0.00 0.00
0.00 0.00
0.00 0.00
0.00 0.00
0.00 0.00
0.00 0.00
0.00 0.00
0.00 0.00
0.00 0.00
0.00 0.00
0.00 0.00
0.00 0.00
0.00 0.00
0.00 0.00
0.00 0.00
0.00 0.00
0.00 0.00
0.00 0.00
0.00 0.00
0.00 0.00
0.00 0.00
0.00 0.00
0.00 0.00
0.00 0.00
0.00 0.00
0.00 0.00
0.00 0.00
0.00 0.00
0.00 0.00
0.00 0.00
0.00 0.00
0.00 0.00
0.00 0.00
0.00 0.00
0.00 0.00
0.00 0.00
0.00 0.00
0.00 0.00
0.00 0.00
0.00 0.00
0.00 0.00
0.00 0.00
0.00 0.00
0.00 0.00
0.00 0.00
0.00 0.00
0.00 0.00
0.00 0.00
0.00 0.00
0.00 0.00
0.00 0.00
0.00 0.00
0.00 0.00
0.00 0.00
0.00 0.00
0.00 0.00
0.00 0.00
0.00 0.00
0.00 0.00
0.00 0.00
0.00 0.00
0.00 0.00
0.00 0.00
0.00 0.00
0.00 0.00
0.00 0.00
0.00 0.00
0.00 0.00
0.00 0.00
0.00 0.00
0.00 0.00
0.00 0.00
0.00 0.00
0.00 0.00
0.00 0.00
0.00 0.00
0.00 0.00
0.00 0.00
0.00 0.00
0.00 0.00
0.00 0.00
0.00 0.00
0.00 0.00
0.14 1.08
1.32 2.41
3.46 5.34
5.46 10.58
10.87 14.36
15.04 15.98
16.45 20.82
21.22 23.11
23.60 27.16
27.75 33.01
33.38 35.50
35.82 37.51
37.83 38.70
39.12 41.77
42.34 43.53
43.77 46.41
46.74 49.28
49.62 51.48
51.59 55.44
55.92 57.80
58.61 61.02
61.16 62.01
62.07 62.96
63.22 64.47
64.74 67.29
67.57 70.29
70.38 72.68
72.81 76.55
76.87 77.69
77.84 79.42
79.50 83.16
83.34 85.79
85.85 88.00
91.17 93.26
93.48 93.98
94.52 96.14
96.32 97.72
97.90 99.89
100.08 101.97
102.19 103.88
103.99 107.38
107.50 110.17
110.62 113.47
113.62 116.20
116.37 117.94
118.12 122.82
123.04 124.92
125.06 126.92
127.22 129.42
129.55 132.49
132.73 136.00
136.19 139.42
139.84 141.71
142.08 143.63
143.69 148.22
148.64 150.33
150.46 154.98
155.38 156.66
156.68 158.49
159.24 161.76
162.34 164.56
165.33 166.20
166.53 168.40
169.37 172.37
173.20 174.56
174.64 175.88
176.33 177.68
178.18 180.20
180.43 184.92
185.09 187.16
187.42 189.00
189.18 189.88
190.11 194.75
195.37 198.97
199.16 201.46
202.20 205.03
205.46 207.28
207.62 210.64
211.25 212.34
212.49 216.82
217.15 220.35
220.37 222.44
223.32 226.35
226.46 227.84
228.41 232.64
232.83 236.41
237.14 238.98
239.21 241.88
242.15 245.26
245.31 246.58
246.72 251.51
251.73 255.54
255.72 259.22
259.66 261.60
261.60 263.32
263.60 266.86
267.43 269.42
269.97 270.98
271.07 273.84
274.28 275.96
276.14 280.70
281.06 283.95
284.44 286.34
286.54 288.56
289.07 293.42
293.87 296.28
296.62 300.51
300.81 301.52
301.82 305.71
308.83 311.46
311.84 314.24
314.74 317.52
317.72 319.89
320.04 324.59
324.96 326.56
326.78 327.44
327.69 329.56
