0.00 3.00
3.00 5.24
5.24 9.64
9.64 14.08
14.08 15.36
15.36 18.16
18.16 19.84
19.84 20.80
20.80 23.56
23.56 28.08
28.08 34.64
34.64 37.08
37.08 39.20
39.20 41.68
41.68 46.40
46.40 47.76
47.76 49.56
49.56 53.24
53.24 56.92
56.92 59.24
59.24 62.40
62.40 65.24
65.24 69.04
69.04 72.32
72.32 74.68
74.68 77.24
77.24 79.64
79.64 82.00
82.00 85.48
85.48 89.24
89.24 92.96
92.96 97.44
97.44 100.92
100.92 103.76
103.76 107.92
107.92 109.84
109.84 110.64
110.64 112.40
112.40 114.52
114.52 116.92
116.92 118.68
118.68 125.20
125.20 126.60
126.60 130.20
130.20 133.12
133.12 136.80
136.80 139.68
139.68 140.56
140.56 141.52
141.52 144.32
144.32 145.64
145.64 148.52
148.52 152.52
152.52 152.76
152.76 154.28
154.28 157.24
157.24 160.72
160.72 162.32
162.32 166.28
166.28 166.96
166.96 167.52
167.52 169.20
169.20 171.68
171.68 174.84
174.84 179.44
179.44 181.28
181.28 184.88
184.88 188.04
188.04 189.92
189.92 191.84
191.84 196.24
196.24 197.28
197.28 200.44
200.44 201.44
201.44 205.16
205.16 208.12
208.12 213.32
213.32 217.12
217.12 221.92
221.92 225.60
225.60 227.00
227.00 229.84
229.84 232.60
232.60 235.16
235.16 239.80
239.80 243.08
243.08 248.12
248.12 250.68
250.68 253.68
253.68 255.64
255.64 259.32
259.32 262.48
262.48 265.40
265.40 267.80
267.80 267.96
267.96 269.64
269.64 270.88
270.88 273.28
273.28 275.16
275.16 276.28
276.28 277.88
277.88 279.80
279.80 280.32
280.32 281.68
281.68 282.00
282.00 283.12
283.12 286.12
286.12 290.56
290.56 292.96
292.96 295.84
295.84 297.36
297.36 297.96
297.96 298.84
298.84 299.76
299.76 302.52
302.52 307.20
307.20 308.12
308.12 308.92
308.92 311.36
311.36 313.36
313.36 316.60
316.60 322.44
322.44 324.16
324.16 325.28
325.28 329.44
329.44 331.80
331.80 332.88
332.88 333.36
333.36 337.88
337.88 340.48
340.48 341.56
341.56 341.92
341.92 345.04
345.04 346.76
346.76 349.84
349.84 354.64
354.64 359.92
359.92 362.24
362.24 364.40
364.40 372.20