0.00 0.00
0.00 0.00
0.00 0.00
0.00 0.00
0.00 0.00
0.00 0.00
0.00 0.00
0.00 0.00
0.00 0.00
0.00 0.00
0.00 0.00
0.00 0.00
0.00 0.00
0.00 0.00
0.00 0.00
0.00 0.00
0.00 0.00
0.00 0.00
0.00 0.00
0.00 0.00
0.00 0.00
0.00 0.00
0.00 0.00
0.00 0.00
0.00 0.00
0.00 0.00
0.00 0.00
0.00 0.00
0.00 0.00
0.00 0.00
0.00 0.00
0.00 0.00
0.00 0.00
0.00 0.00
0.00 0.00
0.00 0.00
0.00 0.00
0.00 0.00
0.00 0.00
0.00 0.00
0.00 0.00
0.00 0.00
0.00 0.00
0.00 0.00
0.00 0.00
0.00 0.00
0.00 0.00
0.00 0.00
0.00 0.00
0.00 0.00
0.00 0.00
0.00 0.00
0.00 0.00
0.00 0.00
0.00 0.00
0.00 0.00
0.00 0.00
0.00 0.00
0.00 0.00
0.00 0.00
0.00 0.00
0.00 0.00
0.00 0.00
0.00 0.00
0.00 0.00
0.00 0.00
0.00 0.00
0.00 0.00
0.00 0.00
0.00 0.00
0.00 0.00
0.00 0.00
0.00 0.00
0.00 0.00
0.00 0.00
0.00 0.00
0.00 0.00
0.00 0.00
0.00 0.00
0.00 0.00
0.00 0.00
0.00 0.00
0.00 0.00
0.00 0.00
0.00 0.00
0.00 0.00
0.00 0.00
0.00 0.00
0.00 0.00
0.00 0.00
0.59 1.86
2.82 6.17
6.71 8.49
8.70 11.99
12.42 15.94
16.26 18.39
18.55 21.42
21.59 25.52
26.56 29.08
29.42 30.80
30.80 32.08
32.59 34.81
35.12 38.78
39.76 42.44
42.60 44.36
44.56 46.62
46.75 48.28
48.88 50.99
51.32 54.46
55.19 57.76
58.16 61.63
62.12 64.55
64.73 67.74
68.65 71.55
71.82 72.92
73.80 77.35
77.84 79.65
80.11 81.08
81.61 82.70
82.84 83.80
83.80 86.44
86.64 90.57
91.15 92.19
92.36 94.16
94.20 96.04
96.43 100.43
100.69 102.08
102.76 104.66
105.13 107.64
107.82 110.94
111.53 113.90
114.08 117.40
117.90 118.73
118.83 122.94
124.18 125.86
126.01 128.49
129.58 132.82
133.14 137.10
137.62 139.56
139.76 140.75
140.96 145.86
146.78 148.74
149.06 150.16
151.33 155.90
156.09 157.72
157.86 158.78
159.13 160.49
160.83 162.92
163.27 166.89
167.26 168.36
168.72 172.23
173.11 175.82
176.20 178.95
179.16 183.96
184.58 186.99
187.14 189.11
189.34 192.80
193.36 195.13
195.18 199.95
200.69 203.33
203.64 204.44
204.69 206.50
206.71 208.50
209.26 211.43
211.67 212.40
212.47 213.36
213.55 216.92
217.09 218.78
218.94 223.81
224.04 226.43
226.90 227.83
227.92 232.14
232.53 233.08
233.37 234.39
234.58 235.52
235.90 237.24
237.36 238.32
239.48 244.08
244.24 246.36
247.94 249.02
