0.00 3.56
3.56 7.08
7.08 11.24
11.24 12.28
12.28 12.72
12.72 14.64
14.64 17.20
17.20 18.36
18.36 20.76
20.76 24.24
24.24 28.12
28.12 30.80
30.80 34.12
34.12 35.16
35.16 38.12
38.12 41.36
41.36 42.96
42.96 44.20
44.20 45.76
45.76 47.96
47.96 51.96
51.96 53.68
53.68 56.60
56.60 57.32
57.32 60.48
60.48 61.36
61.36 61.92
61.92 62.72
62.72 65.68
65.68 68.12
68.12 70.20
70.20 73.44
73.44 79.40
79.40 82.32
82.32 84.16
84.16 86.56
86.56 88.16
88.16 91.40
91.40 94.28
94.28 95.88
95.88 98.12
98.12 99.04
99.04 101.80
101.80 102.80
102.80 103.00
103.00 103.80
103.80 107.76
107.76 110.32
110.32 112.24
112.24 113.84
113.84 115.00
115.00 118.12
118.12 121.56
121.56 123.64
123.64 124.40
124.40 126.44
126.44 127.96
127.96 129.40
129.40 131.08
131.08 133.12
133.12 136.56
136.56 137.40
137.40 140.48
140.48 142.44
142.44 144.32
144.32 145.08
145.08 147.44
147.44 150.28
150.28 152.24
152.24 152.48
152.48 153.80
153.80 156.08
156.08 157.68
157.68 159.16
159.16 162.56
162.56 163.12
163.12 164.76
164.76 167.16
167.16 167.84
167.84 169.40
169.40 172.80
172.80 174.28
174.28 175.84
175.84 178.40
178.40 181.08
181.08 181.72
181.72 183.96
183.96 185.96
185.96 194.48
194.48 199.12
199.12 200.28
200.28 201.12
201.12 203.60
203.60 207.36
207.36 208.12
208.12 209.04
209.04 210.04
210.04 213.20