30.8 32.63
32.72 34.28
34.36 38.27
38.36 41.71
41.8 44.95
45.68 49.31
49.4 52.2
52.84 56.47
57.36 60.03
60.12 61.55
61.64 65.15
65.24 68.83
68.92 72.67
72.76 76.11
76.2 80.11
82.88 84.87
87.4 89.07
89.16 91.11
91.2 95.03
95.12 98.32
98.4 102.11
105.28 107.35
107.44 110.71
110.8 114.19
114.28 119.56
120.64 123.95
124.04 127.63
127.72 131.55
132.16 135.28
135.72 139.31
139.4 143.39
143.48 146.63
146.72 148.44
148.52 150.51
150.6 154.91
158.92 162.12
162.2 165.32
172.44 175.99
176.08 179.15
179.28 183.35
183.44 190.39
190.48 193.6
194.16 196.15