2.35 4.89
5.1 6.56
13.57 15.11
15.45 16.61
17.87 22.54
22.62 25.58
26.42 28.25
28.34 32.59
36.55 38.97
39.64 41.93
42.81 44.14
44.85 47.77
47.86 50.15
50.57 52.78
54.28 56.07
67.83 70.33
71.04 72.17
72.67 73.84
73.92 75.3
78.05 80.22
100.37 101.87
102.87 103.99
104.79 106.91
107.96 109.71
111.08 112.29
113.84 115.71
117.05 118.67
126.64 128.98
135.07 138.36
139.11 140.4
142.45 143.95
145.08 146.24
147.58 149.25
189.91 191.12
194.13 195.33
204.59 207.64
208.85 212.64
234.71 236.21
239.25 241.42
241.51 244.68
247.64 250.26
250.85 252.85
253.1 254.31
254.73 256.56
256.65 258.11
258.19 260.82
260.9 263.07
263.15 266.03
266.11 268.87
272.83 274.08