0.00 0.00
0.00 0.00
0.00 0.00
0.00 0.00
0.00 0.00
0.00 0.00
0.00 0.00
0.00 0.00
0.00 0.00
0.00 0.00
0.00 0.00
0.00 0.00
0.00 0.00
0.00 0.00
0.00 0.00
0.00 0.00
0.00 0.00
0.00 0.00
0.00 0.00
0.00 0.00
0.00 0.00
0.00 0.00
0.00 0.00
0.00 0.00
0.00 0.00
0.00 0.00
0.00 0.00
0.00 0.00
0.00 0.00
0.00 0.00
0.00 0.00
0.00 0.00
0.00 0.00
0.00 0.00
0.00 0.00
0.00 0.00
0.00 0.00
0.00 0.00
0.00 0.00
0.00 0.00
0.00 0.00
0.00 0.00
0.00 0.00
0.00 0.00
0.00 0.00
0.00 0.00
0.00 0.00
0.00 0.00
0.00 0.00
0.00 0.00
0.00 0.00
0.00 0.00
0.00 0.00
0.00 0.00
0.00 0.00
0.00 0.00
0.00 0.00
0.00 0.00
0.00 0.00
0.00 0.00
0.00 0.00
0.00 0.00
0.00 0.00
0.00 0.00
0.00 0.00
0.00 0.00
0.00 0.00
0.00 0.00
0.00 0.00
0.00 0.00
0.00 0.00
0.00 0.00
0.00 0.00
0.00 0.00
0.00 0.00
0.00 0.00
0.00 0.00
0.00 0.00
0.00 0.00
0.47 1.45
2.72 5.58
6.07 8.45
8.90 12.93
13.15 15.56
15.60 18.00
18.04 20.30
20.32 22.14
23.16 26.11
26.13 29.85
29.92 32.05
32.11 33.61
33.68 36.08
36.20 40.75
41.40 45.11
45.12 47.20
47.23 51.64
51.82 54.23
54.51 56.34
56.35 59.17
59.18 60.65
60.67 62.24
62.24 65.61
65.62 68.26
68.48 70.64
71.30 73.00
73.11 74.14
74.15 76.70
76.97 80.05
80.38 84.14
84.24 86.57
86.79 90.87
91.46 94.75
94.89 97.27
97.86 99.79
99.86 101.86
102.17 106.78
107.01 108.54
108.58 111.62
112.03 114.08
114.26 117.54
118.43 121.36
121.54 123.71
123.80 126.63
127.23 130.83
131.81 135.04
135.12 136.62
137.35 139.66
139.99 142.74
142.92 144.98
145.30 148.14
148.33 152.03
152.37 156.57
156.87 158.33
158.56 161.31
162.53 164.14
164.27 165.18
165.45 168.54
168.84 172.10
172.21 174.08
174.16 176.08
176.51 178.36
178.55 179.42
179.47 182.56
182.67 184.14
184.73 186.55
186.60 188.89
189.05 191.21
191.27 193.95
194.52 197.55
198.34 199.78
200.33 202.20
202.20 204.87
205.12 208.62
208.67 210.85
211.47 212.05
212.53 217.17
217.60 220.31
220.44 222.70
