0.00 2.56
2.56 5.80
5.80 7.44
7.44 8.88
8.88 10.68
10.68 11.84
11.84 13.68
13.68 14.32
14.32 16.48
16.48 18.64
18.64 20.12
20.12 23.80
23.80 25.32
25.32 27.48
27.48 28.48
28.48 31.40
31.40 33.48
33.48 34.48
34.48 36.60
36.60 38.60
38.60 39.52
39.52 41.16
41.16 42.92
42.92 44.48
44.48 46.32
46.32 48.48
48.48 50.48
50.48 51.48
51.48 52.56
52.56 54.48
54.48 55.92
55.92 56.80
56.80 58.12
58.12 59.40
59.40 60.40
60.40 61.72
61.72 63.68
63.68 67.56
67.56 69.28
69.28 70.72
70.72 72.88
72.88 74.56
74.56 75.24
75.24 76.80
76.80 77.76
77.76 78.80
78.80 79.96
79.96 80.96
80.96 83.04
83.04 85.12
85.12 86.72
86.72 90.40
90.40 92.16
92.16 92.88
92.88 95.56
95.56 96.48
96.48 97.64
97.64 98.76
98.76 99.48
99.48 102.28
102.28 104.24
104.24 107.44
107.44 108.64
108.64 110.44
110.44 110.68
110.68 112.72
112.72 114.64
114.64 117.04
117.04 117.64
117.64 118.88
118.88 120.32
120.32 122.48
122.48 124.80
124.80 126.92
126.92 128.60
128.60 128.96
128.96 130.68
130.68 132.32
132.32 135.60
135.60 137.44
137.44 139.24
139.24 141.00
141.00 142.96
142.96 144.28
144.28 146.20
146.20 149.92
149.92 151.84
151.84 152.92
152.92 153.76
153.76 155.24
155.24 156.12
156.12 158.24
158.24 160.56
160.56 163.76
163.76 167.84
167.84 169.20
169.20 170.20
170.20 173.20
173.20 174.88
174.88 176.32
176.32 178.32
178.32 180.48
180.48 180.76
180.76 182.92
182.92 185.04
185.04 188.68
188.68 192.28
192.28 193.60
193.60 195.20
195.20 198.16
198.16 199.56
199.56 201.76
201.76 204.52
204.52 206.40
206.40 208.04
208.04 208.92
208.92 211.20
211.20 213.12
213.12 214.36
214.36 215.40
215.40 217.20
217.20 220.28
220.28 222.08
222.08 224.16
224.16 225.96
225.96 228.76
228.76 231.20
231.20 232.76
232.76 233.00
233.00 234.32
234.32 235.68
235.68 238.64
238.64 241.40
241.40 244.16
244.16 245.24
245.24 247.44
247.44 249.56
249.56 250.40
250.40 252.64
252.64 253.60
253.60 255.16
255.16 257.40
257.40 259.72
259.72 261.40
261.40 262.76
262.76 265.52
265.52 268.48
268.48 270.20