0.00 3.72
3.72 7.00
7.00 11.08
11.08 11.96
11.96 15.44
15.44 19.88
19.88 22.36
22.36 23.88
23.88 25.04
25.04 26.32
26.32 26.72
26.72 30.72
30.72 32.16
32.16 32.88
32.88 35.68
35.68 36.56
36.56 37.72
37.72 38.60
38.60 40.20
40.20 42.88
42.88 44.40
44.40 46.36
46.36 51.88
51.88 56.40
56.40 57.16
57.16 58.12
58.12 65.24
65.24 66.92
66.92 69.68
69.68 74.32
74.32 81.68
81.68 88.44
88.44 94.16
94.16 96.84
96.84 101.72
101.72 108.84
108.84 109.88
109.88 111.24
111.24 114.76
114.76 120.44
120.44 123.52
123.52 126.04
126.04 128.40
128.40 131.36
131.36 135.32
135.32 138.64
138.64 141.68
141.68 149.20
149.20 150.48
150.48 154.04
154.04 156.96
156.96 160.72
160.72 162.84
162.84 165.76
165.76 167.48
167.48 172.04
172.04 173.64
173.64 174.36
174.36 177.40
177.40 181.56
181.56 185.96
185.96 187.32
187.32 188.64
188.64 189.32
189.32 191.96
191.96 196.44
196.44 199.64
199.64 204.40
204.40 207.28
207.28 209.64
209.64 211.28
211.28 215.40
215.40 216.16
216.16 216.64
216.64 219.56
219.56 222.20
222.20 225.12
225.12 228.12
228.12 234.12