0.00 0.88
0.88 1.56
1.56 4.88
4.88 5.20
5.20 6.00
6.00 8.28
8.28 9.56
9.56 12.12
12.12 14.08
14.08 16.04
16.04 18.40
18.40 21.44
21.44 25.40
25.40 26.56
26.56 28.24
28.24 29.76
29.76 32.48
32.48 33.56
33.56 35.88
35.88 38.00
38.00 41.44
41.44 42.40
42.40 43.88
43.88 45.04
45.04 47.56
47.56 48.36
48.36 49.96
49.96 52.68
52.68 53.92
53.92 56.12
56.12 57.52
57.52 61.08
61.08 63.92
63.92 65.44
65.44 66.44
66.44 67.88
67.88 69.92
69.92 74.56
74.56 78.36
78.36 80.40
80.40 82.76
82.76 83.40
83.40 84.96
84.96 87.52
87.52 90.72
90.72 93.20
93.20 93.84
93.84 94.92
94.92 97.20
97.20 98.96
98.96 100.48
100.48 102.48
102.48 102.80
102.80 103.36
103.36 104.36
104.36 106.16
106.16 106.64
106.64 107.24
107.24 108.56
108.56 109.92
109.92 110.64
110.64 113.96
113.96 115.40
115.40 116.08
116.08 116.76
116.76 117.84
117.84 118.80
118.80 119.76
119.76 120.96
120.96 121.40
121.40 123.80
123.80 124.72
124.72 127.96
127.96 130.92
130.92 133.08
133.08 136.40
136.40 140.76
140.76 143.00
143.00 144.36
144.36 145.96
145.96 147.24
147.24 148.72
148.72 152.20
152.20 154.64
154.64 158.32
158.32 162.16
162.16 164.48
164.48 165.72
165.72 168.72
168.72 170.84
170.84 173.08
173.08 177.60
177.60 180.68
180.68 182.12
182.12 185.44
185.44 189.16
189.16 190.08
190.08 191.76
191.76 196.32
196.32 199.24
199.24 201.40
201.40 204.28
204.28 208.88
208.88 210.84
210.84 213.80
213.80 214.96
214.96 217.12
217.12 219.36
219.36 221.12
221.12 223.20
223.20 227.84
227.84 230.44
230.44 233.44
233.44 234.56
234.56 235.68
235.68 238.12
238.12 243.96
243.96 248.20
248.20 249.60
249.60 251.72
251.72 254.52
254.52 255.80
255.80 256.68
256.68 257.24
257.24 257.60
257.60 259.92
259.92 261.64
261.64 262.44
262.44 266.48
266.48 268.16
268.16 269.36
269.36 269.92
269.92 271.64
271.64 273.44
273.44 277.48
277.48 282.84
282.84 287.84
287.84 289.16
289.16 289.88
289.88 294.88
294.88 299.72