0.00 3.04
3.04 7.72
7.72 9.92
9.92 11.32
11.32 13.48
13.48 16.52
16.52 19.68
19.68 21.68
21.68 22.44
22.44 23.64
23.64 25.96
25.96 28.20
28.20 32.24
32.24 35.24
35.24 37.32
37.32 38.20
38.20 38.68
38.68 44.08
44.08 45.64
45.64 47.32
47.32 54.48
54.48 56.60
56.60 57.80
57.80 61.76
61.76 64.28
64.28 65.28
65.28 67.60
67.60 69.48
69.48 73.80
73.80 77.84
77.84 80.00
80.00 81.12
81.12 82.56
82.56 83.68
83.68 86.44
86.44 89.44
89.44 99.80
99.80 103.12
103.12 108.08
108.08 110.36
110.36 110.88
110.88 111.28
111.28 112.56
112.56 116.24
116.24 118.00
118.00 119.48
119.48 121.80
121.80 123.56
123.56 125.72
125.72 127.16
127.16 130.60
130.60 132.44
132.44 133.12
133.12 134.20
134.20 136.92
136.92 140.04
140.04 141.84
141.84 144.20
144.20 147.40
147.40 148.68
148.68 149.08
149.08 150.96
150.96 154.00
154.00 157.84
157.84 159.64
159.64 160.24
160.24 162.00
162.00 164.40
164.40 168.36
168.36 170.96
170.96 173.20
173.20 173.56
173.56 174.08
174.08 177.00
177.00 178.96
178.96 180.24
180.24 182.80
182.80 183.96
183.96 184.88
184.88 188.24
188.24 191.36
191.36 192.68
192.68 193.60
193.60 197.60
197.60 199.56
199.56 201.00
201.00 202.80
202.80 205.76
205.76 207.36
207.36 209.32
209.32 210.04
210.04 210.48
210.48 212.32
212.32 212.80
212.80 215.08
215.08 217.16
217.16 220.08
220.08 221.76
221.76 222.80
222.80 227.68
227.68 230.32
230.32 232.24
232.24 234.84
234.84 236.00
236.00 237.68
237.68 239.48
239.48 243.44
243.44 246.28
246.28 248.60
248.60 250.88
250.88 252.00
252.00 253.24
253.24 259.44
259.44 260.72
260.72 261.12
261.12 264.64
264.64 267.20
267.20 269.32
269.32 271.40
271.40 273.56
273.56 276.48
276.48 279.80
279.80 283.04
283.04 285.24
285.24 286.44
286.44 287.76
287.76 289.20
289.20 291.28