0.18 0.93
1.34 2.50
3.22 4.86
5.03 7.62
7.81 9.49
9.49 12.44
21.66 24.38
24.48 25.37
25.45 28.09
28.26 30.18
30.15 32.68
33.29 36.88
37.06 37.92
38.16 38.88
39.15 43.40
43.74 46.46
46.76 48.68
48.86 50.24
50.89 56.16
56.35 57.64
57.92 58.64
58.89 60.52
60.65 61.28
61.56 62.40
62.54 66.04
66.65 67.88
68.14 69.24
69.48 72.76
73.06 76.64
76.90 79.81
80.20 81.48
81.72 83.16
83.38 86.00
86.21 87.36
87.42 88.29
88.40 89.48
89.65 90.98
91.03 92.28
92.56 93.94
94.08 96.22
96.48 97.56
97.74 98.76
98.95 100.31
100.57 101.64
101.88 102.86
103.02 105.28
105.56 108.00
108.26 109.50
109.68 110.80
111.12 113.08
113.24 115.90
116.13 117.84
118.11 120.16
120.44 121.84
122.46 124.42
124.71 127.19
127.26 128.22
128.33 131.04
131.04 134.40
134.66 136.76
137.02 138.40
138.40 140.76
140.94 141.92
142.15 143.44
143.71 144.48
145.08 147.34
147.58 149.16
149.39 151.45
151.80 153.00
153.18 154.88
155.25 156.16
156.32 157.99
158.31 161.27
161.27 164.56
164.56 166.88
166.94 168.58
168.62 170.24
170.46 174.19
174.37 177.64
178.28 181.77
182.03 185.47
186.02 189.58
189.69 192.61
193.04 195.82
196.20 199.68
200.44 202.59
202.92 204.92
205.25 208.80
209.51 211.63
211.84 213.76
214.07 217.68
217.96 221.04
221.24 224.13
224.52 227.40
227.66 230.54
231.29 235.08
235.38 238.12
238.54 241.51
242.04 245.72
246.62 248.92
249.00 251.30
251.55 254.92
256.34 258.58
258.56 260.80
261.01 264.56
265.85 269.32
269.61 272.60
273.20 276.15
276.57 279.08
279.89 282.49
282.80 285.30
285.75 289.08
289.49 293.20
294.46 296.64
296.90 299.01
299.38 302.92
303.61 305.58
305.82 307.87
308.29 312.45
