0.00 3.00
3.00 4.68
4.68 5.40
5.40 8.28
8.28 11.20
11.20 14.32
14.32 14.80
14.80 15.96
15.96 16.56
16.56 17.48
17.48 19.56
19.56 20.60
20.60 22.00
22.00 24.24
24.24 25.32
25.32 27.36
27.36 28.96
28.96 30.68
30.68 35.12
35.12 36.72
36.72 38.08
38.08 39.48
39.48 42.00
42.00 44.12
44.12 45.48
45.48 48.12
48.12 52.68
52.68 54.92
54.92 55.08
55.08 56.80
56.80 58.92
58.92 60.72
60.72 62.12
62.12 63.56
63.56 65.20
65.20 65.48
65.48 67.24
67.24 69.28
69.28 71.76
71.76 74.44
74.44 78.08
78.08 79.68
79.68 81.72
81.72 84.08
84.08 85.36
85.36 89.04
89.04 92.88
92.88 98.92
98.92 102.68
102.68 104.32
104.32 104.60
104.60 104.88
104.88 107.00
107.00 110.48
110.48 113.68
113.68 115.16
115.16 116.60
116.60 121.16
121.16 122.84
122.84 124.56
124.56 128.56
128.56 132.56
132.56 136.16
136.16 139.12
139.12 141.24
141.24 143.72
143.72 146.88
146.88 148.16
148.16 150.12
150.12 153.36
153.36 155.44
155.44 157.88
157.88 160.24
160.24 163.36
163.36 164.20
164.20 167.72
167.72 174.84
174.84 179.16
179.16 181.44
181.44 183.16
183.16 185.28
185.28 187.00
187.00 190.84
190.84 194.52
194.52 197.60
197.60 199.56
199.56 203.44
203.44 204.20
204.20 206.76
206.76 211.56
211.56 213.84
213.84 218.28
218.28 220.32
220.32 224.00
224.00 225.40
225.40 230.32
230.32 233.00
233.00 235.04
235.04 238.00
238.00 240.48
240.48 242.88
242.88 243.56
243.56 244.76
244.76 248.44
248.44 251.48
251.48 252.92
252.92 254.68
254.68 256.76
256.76 258.44
258.44 259.68
259.68 262.12
262.12 263.16
263.16 265.20
265.20 265.72
265.72 266.80
266.80 267.60
267.60 268.68
268.68 269.48
269.48 272.96
272.96 275.56
275.56 277.92
277.92 283.40
283.40 287.00
287.00 290.08
290.08 291.72
291.72 292.48
292.48 294.68
294.68 294.84
294.84 296.28
296.28 298.56
298.56 299.96
299.96 300.96
300.96 304.20
304.20 307.16
307.16 309.52
309.52 311.88
311.88 313.12
313.12 319.16
319.16 320.68
320.68 323.16
323.16 326.28
326.28 332.00
332.00 338.32