0.00 3.64
3.64 5.92
5.92 10.56
10.56 12.84
12.84 15.24
15.24 16.44
16.44 19.28
19.28 25.44
25.44 26.52
26.52 26.68
26.68 28.04
28.04 29.08
29.08 30.68
30.68 32.76
32.76 35.40
35.40 41.44
41.44 42.96
42.96 45.48
45.48 48.52
48.52 49.88
49.88 50.40
50.40 51.52
51.52 55.60
55.60 59.36
59.36 60.24
60.24 63.60
63.60 64.88
64.88 69.72
69.72 69.92
69.92 71.32
71.32 73.24
73.24 74.44
74.44 74.76
74.76 75.56
75.56 77.32
77.32 78.92
78.92 81.44
81.44 81.60
81.60 83.00
83.00 88.32
88.32 90.72
90.72 94.24
94.24 96.12
96.12 99.84
99.84 103.72
103.72 106.80
106.80 109.60
109.60 110.48
110.48 110.88
110.88 115.24
115.24 118.24
118.24 120.88
120.88 121.56
121.56 126.16
126.16 127.40
127.40 130.76
130.76 130.84
130.84 132.44
132.44 135.36
135.36 137.36
137.36 138.68
138.68 141.40
141.40 142.12
142.12 142.60
142.60 145.56
145.56 151.20
151.20 155.48
155.48 156.40
156.40 157.20
157.20 162.80
162.80 164.80
164.80 172.36
172.36 174.24
174.24 175.08
175.08 177.88
177.88 184.32
184.32 186.04
186.04 187.24
187.24 188.64
188.64 191.88
191.88 194.00
194.00 194.68
194.68 196.36
196.36 200.68
200.68 201.52
201.52 205.32
205.32 209.12
209.12 211.12
211.12 211.72
211.72 213.40
213.40 217.80
217.80 220.64
220.64 222.32
222.32 226.24
226.24 228.56
228.56 231.12