0.26 2.62
3.10 5.04
5.33 6.72
7.04 8.78
8.78 10.68
11.04 11.84
12.24 13.15
13.68 16.47
16.83 18.25
18.52 20.01
20.05 23.69
23.78 25.60
25.76 27.48
27.48 28.25
28.38 31.05
31.31 34.22
34.39 36.60
36.90 38.30
38.50 39.52
39.88 42.53
42.92 44.62
44.94 45.92
46.26 47.19
47.71 50.13
50.48 52.42
52.54 54.48
54.90 55.72
55.92 56.80
57.29 58.88
59.23 60.24
60.30 63.69
64.18 67.18
67.49 69.21
69.28 70.72
70.86 72.88
73.27 74.30
74.56 75.24
75.62 76.80
77.15 78.22
78.80 80.78
80.97 83.05
83.17 85.12
85.12 86.66
86.65 87.64
87.82 90.46
90.73 91.76
92.16 92.88
93.29 95.14
95.56 96.48
96.85 98.51
98.76 99.48
99.88 101.62
102.17 104.24
104.74 106.96
107.44 108.43
108.53 110.75
111.34 112.12
112.72 114.64
115.10 116.68
117.04 119.02
119.09 120.32
120.70 122.14
122.48 124.49
124.67 126.92
126.92 128.37
128.60 130.75
130.83 131.86
132.25 135.53
135.73 137.44
137.44 139.24
139.24 140.93
140.95 142.85
142.83 144.28
144.28 145.44
146.14 149.60
149.92 151.84
151.84 153.55
153.70 155.18
155.24 156.00
156.10 158.18
158.18 160.56
160.56 163.58
163.71 167.30
167.84 170.21
170.18 173.15
173.15 174.88
175.07 176.20
176.37 178.32
178.32 180.48
180.68 182.54
182.54 184.94
185.00 188.85
189.58 192.28
192.28 193.60
193.60 195.06
195.14 198.16
198.41 200.26
200.52 201.76
202.02 204.16
204.49 205.78
206.40 208.04
208.33 208.92
208.92 211.20
211.38 213.12
213.57 214.36
214.73 215.40
215.82 217.20
217.82 220.28
220.71 222.08
222.21 223.77
224.11 225.96
226.12 228.76
228.89 230.98
231.20 232.76
232.82 234.29
234.32 235.68
235.82 237.14
237.27 238.63
239.28 241.40
242.30 244.16
244.56 245.24
245.24 247.44
248.02 250.47
250.71 252.64
252.94 253.60
253.89 255.16
256.01 257.40
257.87 259.72
259.72 261.40
261.40 262.76
263.16 265.52
266.06 268.48
268.58 270.20
