5.44 7.56
11.11 13.32
13.86 16.36
16.62 19.74
19.91 21.41
21.49 23.75
24.21 26.37
29.03 30.59
30.63 33.59
35.05 38.26
38.39 43.02
45.39 47.44
48.83 51.48
51.78 54.57
54.61 57.03
57.11 60.37
60.53 63.29
63.37 65.33
65.12 68.12
68.21 69.83
71.96 73.63
74.03 75.38
75.63 80.53
80.14 81.47
81.51 84.27
84.39 85.31
85.31 86.52
86.52 88.52
88.83 91.23
91.36 92.98
93.02 95.03
98.33 100.12
100.24 101.95
102.03 106.37
106.45 108.54
109.12 110.63
111.03 112.5
112.54 114.59
115.38 116.88
116.92 117.63
118.03 121.09
121.22 124.47
124.51 125.73
125.93 127.31
128.56 129.53
131.27 131.98