9.37 11.03
20.59 24.47
24.55 26.84
28.68 29.97
30.05 33.14
33.22 35.68
35.77 39.48
39.56 41.52
41.73 43.07
43.61 47.2
48.07 50.2
50.28 51.58
52.12 53.79
53.87 56.37
56.46 57.54
57.63 61.54
61.8 64.21
64.46 66.92
67.01 69.84
69.93 71.1
73.43 75.18
75.27 78.81
78.9 80.52
80.61 82.65
82.98 84.9
85.94 87.11
94.87 98.21
98.29 101.58
101.79 104.75
105.8 108.59
110.76 112.26
117.48 118.64
120.44 122.56
126.61 127.99
134.66 135.91
140.04 141.5
141.83 145.25
147.67 149.84
150.34 153.09
153.18 154.6
154.68 156.64
157.68 159.18
159.85 162.94
169.24 172.82
172.91 175.2
175.28 178.79
178.87 183.08
183.17 186.38
186.46 187.75
187.84 190.05
190.13 195.39
200.06 202.06
202.98 204.06
210.74 212.4
213.03 214.4
216.83 219.16
219.24 221.62
221.7 225.12
234.89 237.01
239.35 242.27
244.98 246.94
248.44 249.94
264.46 266.37
266.46 269.5
270.04 271.13
272.34 275.09
275.17 278.05
278.14 282.06
282.14 284.64
284.73 286.69
288.23 290.44
290.52 292.9
303.41 305.2
305.29 310.42