2.72 3.74
4.74 6.50
7.39 8.77
9.60 11.20
13.45 14.21
18.06 19.38
20.97 23.29
24.73 27.29
27.96 28.90
28.91 29.84
30.17 31.74
34.54 36.11
42.37 44.69
45.01 46.47
50.09 51.36
51.56 52.92
52.93 53.83
54.68 55.90
57.88 58.60
59.77 61.79
62.33 63.39
64.69 67.10
68.66 71.05
72.30 73.73
73.81 76.81
76.95 78.96
79.31 80.15
80.50 82.17
82.48 83.13
83.77 86.27
86.58 87.85
89.14 91.24
91.64 93.78
95.38 96.53
98.23 98.89
99.23 101.18
101.58 102.44
102.93 103.66
103.74 105.79
106.13 106.75
107.42 110.65
111.18 111.99
112.13 113.99
114.00 115.00
116.35 118.71
119.84 121.23
123.62 125.34
125.63 128.91
131.71 133.51
135.57 137.56
137.94 141.82
141.89 143.52
143.53 144.94
145.15 147.75
147.90 148.56
148.76 151.48
151.58 152.50
152.63 154.01
158.60 160.68
161.54 162.25
162.32 163.29
163.38 164.20
164.31 166.87
167.52 170.01
173.03 175.01
175.05 177.10
179.55 180.25
180.30 181.35
182.20 183.43
184.01 185.62
186.00 187.11
187.62 189.43
192.76 193.43
193.97 195.89
204.13 205.05
205.23 207.10
207.47 208.34
208.34 209.59
210.14 212.82
213.64 214.60
214.66 217.44
217.88 218.82
218.98 223.73
223.87 224.78
225.04 226.18
226.29 230.32
231.45 232.70
233.24 233.91
234.01 236.94
238.03 239.21
239.32 240.99
245.21 246.51
247.70 250.01
250.02 250.70
253.76 255.44
256.85 258.40
258.55 259.75
259.87 261.29
261.39 261.83
262.21 264.59
264.76 266.40
266.41 267.67
267.67 268.99
268.99 270.15
271.37 272.62
274.50 276.30
276.58 279.14
280.63 283.18
285.78 288.38