0.00 0.88
0.88 1.68
1.68 3.32
3.32 6.28
6.28 8.72
8.72 12.28
12.28 16.88
16.88 18.56
18.56 22.64
22.64 23.20
23.20 26.52
26.52 29.96
29.96 31.44
31.44 33.60
33.60 35.36
35.36 35.96
35.96 37.20
37.20 39.12
39.12 41.08
41.08 43.92
43.92 46.36
46.36 49.20
49.20 50.28
50.28 51.40
51.40 53.52
53.52 54.44
54.44 55.72
55.72 58.48
58.48 59.08
59.08 59.96
59.96 62.68
62.68 65.20
65.20 67.28
67.28 69.40
69.40 70.52
70.52 72.40
72.40 76.68
76.68 79.40
79.40 80.16
80.16 80.44
80.44 81.24
81.24 83.72
83.72 86.08
86.08 88.12
88.12 90.08
90.08 90.88
90.88 95.40
95.40 97.04
97.04 99.28
99.28 100.52
100.52 108.24
108.24 108.48
108.48 108.96
108.96 109.44
109.44 111.16
111.16 112.04
112.04 113.64
113.64 114.80
114.80 117.72
117.72 118.88
118.88 120.72
120.72 121.40
121.40 123.00
123.00 126.60
126.60 130.44
130.44 131.24
131.24 132.88
132.88 133.36
133.36 134.88
134.88 137.44
137.44 138.76
138.76 140.64
140.64 145.04
145.04 146.60
146.60 152.08
152.08 153.08
153.08 155.32
155.32 160.72
160.72 162.96
162.96 166.60
166.60 169.08
169.08 171.72
171.72 174.56
174.56 176.64
176.64 178.40
178.40 179.92
179.92 182.40
182.40 185.60
185.60 186.92
186.92 192.84
192.84 195.16
195.16 196.84
196.84 199.20
199.20 200.64
200.64 203.40
203.40 205.68
205.68 208.08
208.08 209.64
209.64 211.40
211.40 213.52
213.52 215.24
215.24 216.88
216.88 217.32
217.32 219.48
219.48 221.72
221.72 222.44
222.44 226.00
226.00 228.88
228.88 230.48
230.48 231.12
231.12 232.16
232.16 233.96
233.96 234.44
234.44 235.20
235.20 236.48
236.48 240.48
240.48 242.16
242.16 242.76
242.76 245.56
245.56 248.88
248.88 250.76
250.76 251.64
251.64 253.92
253.92 257.16
257.16 260.36
260.36 262.72
262.72 267.36
267.36 268.56
268.56 269.00
269.00 271.56
271.56 275.20
275.20 282.92