0.17 0.93
1.21 3.57
3.80 6.60
6.75 9.88
10.22 12.21
12.42 13.48
13.66 16.39
16.55 17.22
17.58 18.32
18.61 20.09
20.36 21.80
22.05 24.56
24.78 25.74
26.01 30.24
30.45 31.88
32.06 33.52
33.75 37.20
37.39 39.38
39.64 40.60
40.84 43.70
44.17 48.82
51.88 54.28
54.58 57.30
57.60 58.56
58.78 60.26
60.50 61.40
61.86 64.79
65.43 67.66
68.20 70.63
71.17 74.24
75.17 77.18
77.72 78.68
78.93 79.78
79.92 80.64
80.90 82.16
82.50 84.54
84.90 87.02
87.06 88.02
88.27 89.03
89.40 92.24
92.57 93.75
94.04 94.76
95.02 95.60
95.95 98.41
98.84 100.65
101.05 102.49
102.85 105.64
105.77 107.58
107.91 108.81
109.03 111.12
111.42 112.14
112.44 113.31
113.82 115.84
116.12 119.34
119.62 121.00
121.18 121.94
122.11 125.06
125.36 127.44
127.61 129.37
129.58 130.76
131.05 132.24
132.53 134.76
135.12 137.26
137.60 139.64
139.86 142.08
142.28 143.68
143.78 146.22
146.59 148.00
148.30 150.04
150.58 152.96
153.22 155.68
155.93 157.08
157.32 160.96
161.18 162.28
162.50 164.72
164.95 166.02
166.15 167.08
167.44 171.40
171.60 174.10
174.30 175.88
176.16 176.88
177.13 179.36
179.54 181.88
182.01 183.08
183.19 183.90
184.16 186.45
186.93 188.64
188.74 190.06
190.28 191.68
191.93 193.98
194.48 196.12
196.47 197.99
198.28 199.20
199.51 200.74
201.01 202.51
202.85 204.78
205.11 208.00
208.29 210.66
210.65 212.32
212.67 214.60
214.60 217.27
217.42 219.83
220.05 221.77
222.03 223.71
223.70 225.68
225.71 227.18
227.44 228.21
228.39 229.84
230.02 232.41
232.70 234.85
235.04 238.16
238.49 239.30
239.51 241.76
242.10 243.92
244.22 247.52
247.82 248.80
249.07 250.50
250.49 252.52
252.91 257.04
257.48 258.32
258.57 260.40
260.40 262.04
262.32 263.08
263.37 265.36
265.65 267.74
268.00 270.20
270.20 271.96
272.20 274.24
274.50 276.24
276.27 277.32
277.57 279.00
279.00 280.24
280.66 281.88
281.88 283.32
283.43 285.00
285.00 286.56
287.22 288.68
288.79 289.89
290.29 292.72
293.28 296.11
296.48 299.10
