0.00 2.72
2.72 6.68
6.68 10.68
10.68 11.16
11.16 11.80
11.80 14.40
14.40 15.68
15.68 17.08
17.08 18.68
18.68 19.24
19.24 21.60
21.60 22.36
22.36 23.36
23.36 26.56
26.56 27.68
27.68 30.36
30.36 34.04
34.04 37.08
37.08 37.76
37.76 40.24
40.24 42.08
42.08 44.04
44.04 44.52
44.52 48.56
48.56 51.64
51.64 55.76
55.76 57.52
57.52 58.00
58.00 60.48
60.48 62.56
62.56 63.00
63.00 63.48
63.48 65.72
65.72 68.36
68.36 72.08
72.08 74.84
74.84 76.12
76.12 76.44
76.44 77.28
77.28 77.88
77.88 79.00
79.00 82.00
82.00 84.84
84.84 86.24
86.24 87.28
87.28 89.68
89.68 90.16
90.16 92.56
92.56 95.92
95.92 97.28
97.28 99.52
99.52 103.12
103.12 106.84
106.84 112.20
112.20 113.36
113.36 116.72
116.72 122.04
122.04 124.12
124.12 127.28
127.28 129.36
129.36 131.36
131.36 134.36
134.36 135.96
135.96 137.40
137.40 139.40
139.40 141.72
141.72 143.96
143.96 149.60
149.60 151.48
151.48 155.36
155.36 155.84
155.84 160.16
160.16 163.40
163.40 164.88
164.88 166.36
166.36 167.52
167.52 168.96
168.96 169.72
169.72 171.72
171.72 174.40
174.40 175.76
175.76 177.28
177.28 177.84
177.84 179.08
179.08 180.08
180.08 180.48
180.48 181.68
181.68 183.68
183.68 184.44
184.44 186.96
186.96 189.96
189.96 193.56
193.56 195.40
195.40 195.92
195.92 198.00
198.00 199.64
199.64 203.32
203.32 206.60
206.60 208.48
208.48 209.16
209.16 209.64
209.64 211.04
211.04 213.72
213.72 215.40
215.40 218.80
218.80 219.80
219.80 220.64
220.64 221.40
221.40 222.60
222.60 225.84
225.84 230.28
230.28 233.68
233.68 237.40
237.40 239.84
239.84 244.04
244.04 246.28
246.28 248.84
248.84 252.12
252.12 256.48
256.48 258.72