0.16 1.69
1.70 2.34
2.34 4.35
11.88 14.28
14.92 16.74
17.24 19.22
19.60 21.35
21.59 22.59
22.86 23.79
24.10 27.35
27.62 29.14
29.41 31.72
31.92 34.24
34.64 36.93
37.28 38.08
38.27 40.84
40.88 42.63
43.29 45.48
45.80 47.36
47.89 49.48
49.78 51.60
51.82 54.77
55.12 56.80
57.06 58.46
58.71 59.88
60.12 61.02
61.18 62.14
62.39 63.70
64.12 66.39
66.92 68.06
68.36 71.94
72.18 74.36
74.68 76.68
76.96 77.88
77.98 80.12
80.44 81.88
82.12 84.28
84.49 85.26
85.46 86.18
86.48 88.32
88.52 89.63
89.92 90.88
91.14 92.24
92.58 94.08
94.31 95.12
95.60 97.90
98.21 100.64
101.02 104.80
105.36 106.21
106.29 107.06
107.52 109.84
110.19 111.92
112.17 112.93
113.19 114.76
115.00 116.75
117.88 119.60
119.87 122.12
122.42 123.40
123.81 124.92
125.27 128.60
128.90 130.28
130.58 133.43
133.91 134.84
135.10 136.15
136.57 137.84
137.83 139.04
139.38 142.03
142.28 143.48
143.75 144.57
144.84 147.48
147.68 148.31
148.74 150.58
150.84 151.68
151.99 154.78
155.09 156.16
156.36 157.58
157.99 163.04
163.42 164.38
164.72 165.84
166.12 168.50
168.89 170.78
171.12 174.46
174.84 176.70
177.01 178.57
178.87 181.36
181.65 182.80
182.80 184.80
185.13 185.90
186.20 189.30
189.71 190.91
191.51 194.10
194.40 196.00
196.36 198.08
198.08 199.02
199.01 200.76
201.06 202.36
202.72 203.48
203.80 205.99
206.25 207.40
207.84 208.88
209.32 210.99
211.27 212.28
212.53 213.37
213.62 215.73
216.22 218.20
219.57 221.42
221.98 223.84
224.09 226.98
227.28 228.52
229.00 230.38
230.66 232.61
232.76 235.36
235.64 238.24
238.64 240.86
241.06 243.12
243.22 244.16
244.45 246.71
246.99 248.44
248.77 249.97
250.26 253.00
253.43 254.24
254.43 257.56
257.72 259.43
259.56 262.12
262.29 264.76
264.96 266.08
266.35 267.40
267.65 269.43
269.93 271.20
271.43 273.16
273.38 275.88
276.17 278.56
279.63 280.89
