0.94 2.39
2.60 5.24
7.86 9.55
9.60 11.23
11.35 11.87
11.90 12.85
12.99 15.08
15.09 15.68
15.76 16.34
16.34 18.49
18.50 20.23
20.31 21.32
21.44 22.91
22.91 24.35
24.35 25.44
25.74 27.73
27.74 29.30
29.58 30.87
31.30 32.24
32.42 33.85
34.02 36.10
36.36 38.48
39.00 40.07
40.07 41.27
41.27 42.54
42.87 43.68
43.69 45.39
45.39 47.19
47.37 49.32
49.70 50.74
50.74 51.72
51.72 52.78
52.80 54.89
55.16 56.17
56.26 58.27
58.67 60.33
60.35 63.12
63.15 64.82
64.84 66.94
67.37 69.45
69.46 71.07
71.07 71.94
72.46 72.74
72.76 74.14
74.54 76.53
76.53 78.41
78.54 80.00
80.01 81.81
81.92 83.23
83.23 84.24
84.24 85.45
85.84 87.15
87.18 89.17
89.35 91.20
91.23 93.04
93.42 94.84
94.85 96.65
96.65 97.73
97.75 99.14
99.15 100.22
100.64 103.27
103.30 104.88
105.30 107.48
107.49 109.24
109.25 112.42
112.93 115.52
115.54 117.48
117.51 119.72
119.72 120.82
121.05 122.29
122.29 123.72
123.72 124.41
124.76 126.83
126.84 128.11
128.42 130.40
130.41 132.28
132.44 133.42
133.42 134.97
134.98 136.63
136.84 138.41
138.95 140.48
140.57 142.10
142.11 143.08
143.42 145.15
145.19 146.52
146.53 148.23
148.70 150.63
150.64 152.90
153.07 154.54
154.54 155.52
156.34 157.51
157.51 159.19
159.54 161.61
161.62 162.54
162.74 164.64
165.01 166.41
166.41 167.75
167.76 168.72
168.99 171.68
172.16 174.06
174.10 175.56
175.56 177.04
177.05 178.05
178.06 180.61
181.07 183.18
183.19 184.65
184.67 185.60
185.60 187.43
187.44 188.46
188.52 191.44
191.77 192.99
193.00 194.84
195.27 196.56
196.57 198.92
199.31 200.33
200.33 201.20
201.21 202.83
203.14 204.62
204.63 205.78
205.79 207.14
207.15 208.20
208.71 210.43
210.44 211.93
211.94 212.92
212.97 214.25
214.26 216.22
216.81 217.63
217.63 219.51
219.83 223.00
223.30 224.85
224.85 226.47
226.98 228.14
228.14 230.16
230.53 232.12
232.14 234.23
234.23 236.07
236.33 237.30
237.31 238.65
238.95 239.80
239.80 241.03
241.03 243.02
243.17 244.56
244.70 245.88
245.88 248.97
249.33 251.73
251.75 252.76
252.92 254.76
254.76 255.73
256.22 257.39
257.54 259.15
259.35 261.16
261.19 262.33
262.57 263.75
263.88 266.32
266.61 268.12
268.14 269.61
269.62 271.18
271.58 272.97
272.97 274.17
274.38 275.66
275.66 276.30
276.31 276.98
276.98 278.21
278.67 280.36
280.37 281.53
281.75 282.91
282.94 284.43
284.43 285.88
285.99 286.88
286.91 288.22
288.81 291.03
291.04 292.69
292.97 294.29
294.29 295.44
295.45 296.93
296.97 298.56
298.57 299.58
299.59 300.94
301.03 301.66
301.67 303.07
303.10 304.49
304.49 305.54
305.67 308.20
308.21 308.93
309.13 310.17
310.17 311.95
311.97 314.11
314.13 316.66
316.67 317.34
317.34 318.57
318.93 320.04
320.03 321.62
321.76 323.68
323.81 325.30
325.30 326.59
326.60 328.05
328.14 329.50
329.51 331.11
331.12 332.01
332.34 334.58
334.60 335.43
335.43 337.19
337.55 338.97
338.97 340.29
340.40 341.31
341.32 342.11
342.23 343.44
343.75 345.51
345.51 346.93
346.93 348.20
348.60 349.38
349.38 350.40
350.61 352.34
352.47 353.54
353.57 354.62
355.00 355.62
355.62 356.99
357.03 357.73
357.73 359.26
359.35 361.19
361.20 362.44
362.44 364.60
364.69 365.50
365.52 366.13
