0.00 3.20
3.20 4.64
4.64 5.12
5.12 5.84
5.84 8.20
8.20 10.92
10.92 14.12
14.12 17.00
17.00 19.88
19.88 22.84
22.84 23.84
23.84 25.76
25.76 32.00
32.00 34.48
34.48 37.52
37.52 39.48
39.48 43.12
43.12 46.00
46.00 47.24
47.24 47.64
47.64 48.68
48.68 52.24
52.24 57.20
57.20 62.32
62.32 64.80
64.80 66.44
66.44 70.48
70.48 71.28
71.28 73.16
73.16 77.32
77.32 81.60
81.60 88.44
88.44 91.60
91.60 94.76
94.76 95.24
95.24 97.00
97.00 98.48
98.48 99.40
99.40 101.80
101.80 104.04
104.04 107.20
107.20 109.64
109.64 111.48
111.48 114.80
114.80 116.36
116.36 120.28
120.28 123.56
123.56 125.56
125.56 126.88
126.88 127.32
127.32 129.32
129.32 130.72
130.72 131.80
131.80 133.84
133.84 138.92
138.92 143.76
143.76 146.76
146.76 152.84
152.84 161.32
161.32 162.20
162.20 163.40
163.40 165.00
165.00 167.40
167.40 171.36
171.36 176.08
176.08 179.32
179.32 180.52
180.52 184.56
184.56 188.16
188.16 192.16
192.16 197.72
197.72 199.92
199.92 202.64
202.64 204.80
204.80 207.60
207.60 210.12
210.12 212.88
212.88 218.16
218.16 227.04
227.04 231.64
231.64 236.56
236.56 239.88
239.88 241.84
241.84 242.24
242.24 248.52
248.52 251.88
251.88 256.52
256.52 259.16
259.16 261.84
261.84 264.00
264.00 266.56
266.56 268.00
268.00 269.52
269.52 271.56
271.56 274.80
274.80 275.48
275.48 277.52
277.52 283.96
283.96 287.16
287.16 293.44
293.44 295.92
295.92 296.88
296.88 300.84
300.84 302.32
302.32 305.88
305.88 312.52
312.52 315.80