0 4.12
6.96 10.33
12.67 15.76
15.92 20.51
20.68 25.18
25.35 27.93
28.6 29.94
32.4 36.9
37.07 40.07
40.57 43.99
44.16 47.37
51.38 53.25
53.42 56.84
57.01 60.09
60.8 64.22
64.39 66.43
67.1 70.64
71.39 74.65
80.2 82.66
82.82 86.08
98.59 100.13
104.26 105.47
129.49 132.12
136.54 137.88
140.67 143.3
151.18 152.35
157.52 158.73
159.32 160.78
161.24 163.65
164.57 166.7
167.45 168.87
170.37 172.58
180.13 181.34
181.59 204.65
211.45 212.74
233.1 234.35
252.95 254.74
256.96 258.12
258.29 259.29
259.46 260.83
261.84 264.88
266.01 267.01
268.8 270.64
274.26 275.26
278.85 280.85
281.56 282.98
289.95 291.45