2.79 3.72
4.89 6.52
7.52 8.74
9.78 11.19
13.61 14.35
18.48 20.73
22.13 23.69
25.05 27.26
28.27 29.73
30.63 32.87
34.15 36.12
36.30 38.80
39.51 40.43
40.42 42.18
44.05 46.80
47.26 49.04
49.25 50.52
52.81 54.41
54.43 55.90
56.48 58.96
58.98 61.28
62.71 65.07
65.34 66.68
70.91 74.92
80.15 81.81
83.94 85.29
85.60 87.44
88.55 90.02
90.04 91.25
91.76 93.85
93.87 95.28
95.29 97.11
97.57 99.20
99.41 100.59
101.25 102.65
102.73 104.20
104.31 106.48
106.50 107.28
107.52 110.46
110.49 112.92
113.94 116.52
116.73 118.15
118.21 120.71
120.96 123.16
123.40 124.39
124.44 126.90
126.95 130.56
131.50 133.01
133.93 134.95
135.94 137.33
137.33 138.18
138.22 139.06
139.13 139.94
139.97 142.01
142.02 143.24
143.42 145.00
146.54 147.44
147.45 148.81
148.81 149.74
152.03 154.58
155.29 156.08
156.12 157.62
158.17 159.83
159.94 161.01
161.21 163.25
163.44 164.59
165.61 167.65
168.77 170.79
170.91 172.11
174.33 176.29
176.83 179.82
182.94 184.03
184.04 185.21
187.64 188.86
188.90 191.27
191.28 192.92
193.59 195.27
195.79 196.76
196.78 198.37
198.56 200.38
201.45 202.64
203.10 204.11
204.30 205.68
205.75 206.98
206.98 207.93
207.94 209.17
209.31 210.21
210.32 212.83
212.98 214.83
214.99 215.85
216.65 217.88
218.03 218.95
219.07 220.86
220.99 222.66
222.69 223.45
224.08 224.89
225.90 227.23
227.80 228.18
228.34 229.08
229.54 230.80
231.08 231.74
231.88 232.56
232.82 233.89
233.90 235.30
237.13 238.88
238.93 241.07
241.32 243.72
247.04 248.80
248.82 249.97
252.59 253.77
254.21 255.84
256.06 257.68
257.68 259.20
259.33 261.89
261.92 263.55
265.90 267.12
267.19 269.32
269.33 270.82
273.68 274.98
275.02 276.61
276.61 277.91
278.20 280.88