2.79 3.72
4.89 6.52
7.52 8.74
9.78 11.19
13.61 14.35
18.02 19.79
21.59 23.85
24.33 25.96
26.99 29.56
29.72 31.91
32.45 33.86
36.14 37.20
37.89 39.31
39.31 41.94
42.25 44.09
44.86 47.68
47.87 49.23
49.27 51.93
52.04 55.98
56.93 58.08
58.97 62.18
62.41 64.63
65.07 67.34
67.68 68.82
69.41 71.34
72.88 73.92
74.22 75.64
76.01 78.23
78.27 79.86
79.85 81.62
81.64 83.52
83.56 84.18
84.37 88.42
88.44 90.70
90.84 94.40
94.44 95.79
95.96 97.05
97.44 98.91
99.06 100.70
101.72 103.27
103.27 105.05
105.05 106.75
107.11 110.46
110.46 111.71
113.06 114.55
114.55 116.31
116.31 117.92
118.43 119.86
119.87 121.80
121.81 123.57
123.58 124.83
124.85 126.31
127.23 128.87
130.38 132.10
132.62 134.07
134.07 135.84
135.89 136.70
136.73 139.45
139.50 141.82
142.10 143.34
143.41 145.88
146.48 147.82
147.87 151.00
151.35 153.62
153.87 156.17
156.29 158.27
158.30 161.56
161.59 164.02
164.18 165.96
166.90 168.61
168.63 169.98
172.06 173.02
173.03 174.14
174.13 176.29
176.34 178.81
178.84 180.66
181.30 183.83
186.78 189.56
192.46 194.19
194.23 195.41
195.83 197.23
197.24 198.59
198.61 201.75
201.99 203.52
205.86 207.87
208.55 210.32
210.40 213.40
213.43 214.33
214.52 216.85
216.89 218.22
219.22 222.37
223.39 226.94
227.21 231.63
232.32 235.54
235.65 238.72
238.85 239.63
239.96 241.28
242.52 245.21
246.14 248.71
248.83 250.49
251.11 254.00
254.19 258.01
258.19 259.84
260.05 262.27
264.56 268.55
268.57 270.52
272.12 273.09
273.22 274.43
275.18 278.46
278.74 281.82
282.13 284.49
288.04 290.52