6.01 9.2
9.29 15.04
17.13 20.6
21.49 23.48
23.73 26.45
26.53 29.72
29.81 31.96
32.05 36.96
42.21 46.92
47.49 49.72
76.69 78.72
78.81 83.16
83.89 88.32
88.41 90.52
91.53 94
97.05 101.01
102.81 106.77
107.85 112.32
113.37 116.04
116.13 117.53
117.61 120.08
120.17 122.64
124.01 126
142.33 144.32
144.65 147.24
147.33 149.32
149.41 154.28
154.37 156.56
156.65 159.96
160.61 162.84
163.85 167.16
175.21 177.2
185.65 188.16
191.21 194.2
198.09 201.84
203.29 205.28
206.77 209
210.45 213.25
213.33 216.44
220.37 221.8
224.17 226.6