0 1.63
1.72 3.67
4.4 9.6
9.68 12.56
12.64 14.63
14.72 17.87
23.12 28.15
28.24 31.28
32.84 38.12
41 47.27
47.36 49.55
49.64 52.03
55.08 56.96
70.28 72.27
79.08 80.99
81.08 84.15
84.96 87.39
90.08 92.07
93.2 95.92
100.12 102.55
102.64 105.2
105.88 108.52
109.24 111.8
112.8 114.87
114.96 118.43
118.52 121.59
121.68 123.99
124.6 126.59
126.68 129.24
129.32 133.2
133.28 136.48
136.56 138.95
146.04 148.03
148.48 150.47
152.6 154.83
154.92 159.71
160.68 163.27
163.36 166.4
167.04 170.39
170.48 175.11
175.72 178.28
178.36 180.95
181.04 184.55
184.64 187.68
187.76 190.15
190.24 191.91
194.24 197.91
198 203.12
203.88 206.6
208.04 210.84
212.8 214.91
215 216.99
217.08 220.31
221.48 224.23
225.92 228.56
230.52 232.51
232.6 234.59
234.68 238.72
239.12 243.19
243.6 246.83
247.76 249.75
249.84 252.4
252.48 255.75
256.84 259.03
259.12 262.16
263.32 266.95
267.8 270.07
270.16 272.15
272.68 274.59
274.68 276.63
276.72 281.35
281.44 285.51
285.6 287.35
287.44 289.95
290.04 291.55
291.64 293.63
294.48 297.55
297.64 298.99
299.08 302.04
302.12 305.03
305.12 307.71
307.8 309.75
309.84 312.15
312.24 314.39
314.48 316.55
316.64 319.55
319.64 321.23
321.32 322.59
322.68 325.56
325.64 329.19
329.28 332.03