0.00 3.80
3.80 6.68
6.68 10.40
10.40 12.52
12.52 15.04
15.04 17.44
17.44 20.84
20.84 21.36
21.36 22.36
22.36 29.76
29.76 32.76
32.76 35.40
35.40 37.08
37.08 37.48
37.48 40.40
40.40 42.20
42.20 45.36
45.36 48.04
48.04 48.24
48.24 48.92
48.92 50.36
50.36 53.08
53.08 53.44
53.44 54.08
54.08 55.12
55.12 58.36
58.36 61.28
61.28 64.32
64.32 67.60
67.60 69.40
69.40 70.88
70.88 71.40
71.40 72.80
72.80 74.24
74.24 75.68
75.68 78.52
78.52 81.80
81.80 83.44
83.44 88.88
88.88 90.80
90.80 92.36
92.36 94.24
94.24 95.72
95.72 99.08
99.08 103.44
103.44 104.72
104.72 109.76
109.76 111.44
111.44 113.00
113.00 117.04
117.04 121.40
121.40 122.28
122.28 123.60
123.60 124.56
124.56 126.48
126.48 128.80
128.80 132.96
132.96 134.84
134.84 137.28
137.28 140.80
140.80 142.48
142.48 144.48
144.48 146.80
146.80 150.64
150.64 152.32
152.32 155.48
155.48 157.88
157.88 158.96
158.96 160.60
160.60 163.48
163.48 166.16
166.16 170.08
170.08 171.08
171.08 172.84
172.84 174.84
174.84 176.64
176.64 178.44
178.44 180.60
180.60 183.12
183.12 185.72
185.72 187.80
187.80 189.80
189.80 191.92
191.92 194.60
194.60 196.84
196.84 197.56
197.56 198.00
198.00 200.32
200.32 204.60
204.60 208.68
208.68 210.12
210.12 211.08
211.08 213.16
213.16 216.12
216.12 218.12
218.12 220.12
220.12 220.64
220.64 222.88
222.88 225.04
225.04 225.92
225.92 226.80
226.80 228.88
228.88 231.56
231.56 232.76
232.76 233.84
233.84 236.56
236.56 238.08
238.08 238.64
238.64 241.52
241.52 243.44
243.44 247.04
247.04 248.08
248.08 250.44
250.44 251.00
251.00 252.04
252.04 257.08
257.08 259.12
259.12 263.32
263.32 267.08
267.08 268.20
268.20 273.92
273.92 280.76
280.76 282.16
282.16 282.92
282.92 286.28
286.28 290.64
290.64 291.96
291.96 292.60
292.60 293.68
293.68 295.00
295.00 296.00
296.00 296.88
296.88 297.20
297.20 298.56
298.56 299.84
299.84 300.16
300.16 302.88
302.88 303.84
303.84 304.52
304.52 307.52
307.52 310.60
310.60 312.12
312.12 313.36
313.36 316.92
316.92 319.16
319.16 321.32
321.32 321.88
321.88 323.20
323.20 323.72
323.72 325.88
325.88 329.64
329.64 336.60
336.60 339.72
339.72 340.60
340.60 341.16
341.16 341.84
341.84 342.40
342.40 345.76
345.76 348.72
348.72 349.48
349.48 350.12
350.12 350.80
350.80 352.16
352.16 353.20
353.20 354.00
354.00 356.00
356.00 358.20
358.20 360.72
360.72 361.00
361.00 363.44
363.44 365.12
365.12 366.84
366.84 369.36
369.36 373.28
373.28 374.12
374.12 374.68
374.68 377.44
377.44 380.48
380.48 383.32
383.32 388.40
388.40 396.40