0.00 1.84
1.84 2.88
3.33 4.79
5.36 6.72
7.10 8.32
9.00 9.45
9.54 10.88
11.20 13.62
13.73 15.24
15.69 17.76
17.79 20.67
21.03 24.02
24.28 24.79
25.35 27.08
27.08 28.60
28.61 30.22
30.69 32.88
33.15 34.52
34.52 36.27
36.65 38.25
38.32 40.52
40.52 41.72
42.05 45.16
45.53 46.28
46.56 50.08
50.08 50.48
50.67 54.03
54.28 56.54
57.16 57.66
57.67 59.00
59.63 62.92
63.27 65.68
65.95 70.00
70.00 72.55
72.56 74.39
75.22 78.09
78.38 78.88
79.85 81.76
82.37 82.93
83.25 84.45
84.88 85.64
86.16 88.71
89.14 91.53
92.03 92.57
92.80 93.64
93.64 96.68
97.13 99.81
100.52 102.79
103.31 105.96
105.96 108.69
108.78 109.96
110.16 111.44
111.58 113.54
113.96 117.28
117.69 119.49
119.76 120.51
120.84 121.36
121.37 122.92
123.36 127.29
127.85 129.50
130.17 130.76
131.16 132.40
132.40 134.40
134.40 136.15
136.52 138.48
138.48 140.44
140.75 142.96
143.50 144.80
144.78 146.46
146.92 150.85
151.35 153.16
153.75 154.88
155.26 157.55
157.77 158.77
158.80 160.11
160.69 161.85
162.23 162.80
163.00 164.36
164.36 164.36
164.90 166.52
166.72 168.63
168.99 171.71
171.86 174.17
174.36 176.70
177.04 178.16
178.16 180.41
180.60 182.16
182.40 184.48
184.60 187.07
187.24 190.62
191.04 193.74
193.74 195.72
196.03 197.56
197.57 199.65
200.11 202.61
203.36 205.28
205.73 207.40
207.50 208.92
209.56 212.07
212.32 213.19
213.46 215.13
215.83 217.82
218.14 219.20
219.20 221.07
221.09 223.28
223.76 225.08
225.53 226.11
226.89 229.48
229.85 230.56
230.56 232.48
233.05 235.20
235.41 237.00
237.00 239.38
