3.65 7.16
7.24 8.99
9.07 12.79
12.87 16.92
17.12 21.54
21.63 23.21
25.38 27.84
27.93 30.51
31.1 33.89
34.23 36.52
36.6 39.31
40.81 42.69
44.44 46.07
46.15 49.78
49.87 53.41
53.54 56.91
57 60.38
60.46 62.79
62.88 64.5
64.67 67.26
67.34 69.72
70.64 73.81
73.89 76.06
76.14 78.94
79.02 80.73
80.81 83.69
83.77 87.24
87.32 89.4
89.49 92.32
92.53 97.08
97.16 100.62
100.71 102.71
102.79 105.3
105.38 107.92
108.01 109.92
110.01 111.68
111.76 114.47
115.39 117.01
117.1 119.6
119.69 123.27
123.52 126.27
126.36 129.11
130.86 132.95
133.03 135.32
135.7 137.66
138.33 141
141.25 143.62
143.71 145.54