22.07 24.34
28.67 32.66
32.75 35.34
35.43 37.82
38.91 41.42
43.95 46.34
46.43 49.7
51.43 53.62
54.15 56.74
71.07 74.5
74.59 76.98
77.07 79.14
79.23 82.58
82.67 85.87
85.95 86.54
86.63 88.62
89.99 92.58
92.67 94.86
95.87 97.86
97.95 100.02
100.11 102.3
102.39 104.38
104.47 108.18
108.27 110.46
110.55 113.11
113.75 116.82
116.91 119.71
123.07 125.46
125.55 129.38
129.47 133.43
147.71 150.91
150.99 152.98
154.23 156.58
160.43 162.62
162.71 164.78
165.43 168.66
168.75 170.74
183.55 185.7
185.79 188.18
188.27 190.26
190.35 192.26
192.35 194.34
198.39 200.9
202.11 205.1
205.19 210.39
210.47 212.46
212.55 218.07
225.79 227.98
228.07 230.1
231.43 233.42
235.55 238.02
238.11 241.42
244.55 246.54
248.71 250.7
258.03 260.5
262.19 264.18
265.31 268.35
269.83 271.82
273.11 277.39
284.39 286.82
287.59 289.58
297.39 300.7
300.79 302.35
303.91 305.63
306.87 308.98
313.83 315.82
316.43 318.66
319.99 323.82
331.59 332.82
335.27 337.86
342.71 344.78
344.87 347.14
361.31 363.46
365.47 368.14
370.95 373.38
385.83 388.18