0.00 2.16
2.16 2.88
2.88 4.80
4.80 11.60
11.60 13.08
13.08 14.60
14.60 20.84
20.84 22.72
22.72 25.64
25.64 26.52
26.52 27.56
27.56 29.32
29.32 30.88
30.88 34.40
34.40 37.28
37.28 37.92
37.92 39.12
39.12 40.12
40.12 43.60
43.60 47.68
47.68 52.64
52.64 53.24
53.24 55.20
55.20 56.28
56.28 57.08
57.08 57.92
57.92 60.36
60.36 60.80
60.80 62.88
62.88 63.08
63.08 66.00
66.00 67.56
67.56 69.76
69.76 71.96
71.96 74.44
74.44 75.92
75.92 77.64
77.64 78.64
78.64 79.44
79.44 82.32
82.32 82.96
82.96 84.00
84.00 86.44
86.44 87.44
87.44 90.28
90.28 91.56
91.56 92.84
92.84 93.76
93.76 94.24
94.24 94.92
94.92 97.28
97.28 100.60
100.60 101.84
101.84 104.20
104.20 106.32
106.32 107.00
107.00 107.40
107.40 108.24
108.24 109.32
109.32 109.76
109.76 112.44
112.44 113.60
113.60 117.24
117.24 119.24
119.24 123.96
123.96 124.72
124.72 127.88
127.88 131.48
131.48 132.36
132.36 133.76
133.76 135.36
135.36 140.84
140.84 142.28
142.28 142.96
142.96 144.60
144.60 145.28
145.28 147.20
147.20 148.36
148.36 151.60
151.60 158.00
158.00 159.32
159.32 160.20
160.20 161.36
161.36 162.48
162.48 163.24
163.24 167.64
167.64 171.16
171.16 171.72
171.72 173.00
173.00 175.44
175.44 178.20
178.20 180.68
180.68 181.08
181.08 182.44
182.44 186.28
186.28 189.92
189.92 191.80
191.80 195.64
195.64 199.04
199.04 201.24
201.24 204.08
204.08 204.68
204.68 205.92
205.92 208.68
208.68 211.40
211.40 214.40
214.40 216.80
216.80 219.28
219.28 221.96
221.96 225.92
225.92 228.52
228.52 231.60
231.60 235.20
235.20 244.96
244.96 248.80
248.80 253.76
253.76 260.28