0.00 3.20
3.20 4.76
4.76 6.08
6.08 10.80
10.80 18.24
18.24 19.40
19.40 21.00
21.00 23.32
23.32 24.20
24.20 26.12
26.12 27.92
27.92 30.36
30.36 32.64
32.64 36.00
36.00 40.80
40.80 45.00
45.00 49.68
49.68 50.24
50.24 53.40
53.40 55.64
55.64 58.44
58.44 60.56
60.56 64.88
64.88 66.28
66.28 68.52
68.52 70.68
70.68 72.68
72.68 74.20
74.20 75.80
75.80 77.40
77.40 80.20
80.20 85.00
85.00 86.00
86.00 86.44
86.44 87.68
87.68 91.36
91.36 92.96
92.96 95.88
95.88 96.72
96.72 97.36
97.36 99.36
99.36 101.00
101.00 102.56
102.56 105.36
105.36 107.92
107.92 110.12
110.12 112.24
112.24 113.40
113.40 116.68
116.68 118.92
118.92 121.64
121.64 125.80
125.80 126.44
126.44 128.40
128.40 131.64
131.64 133.04
133.04 133.72
133.72 136.36
136.36 141.08
141.08 142.08
142.08 143.76
143.76 144.76
144.76 147.72
147.72 150.44
150.44 151.12
151.12 152.48
152.48 153.32
153.32 154.16
154.16 154.96
154.96 155.76
155.76 159.40
159.40 160.36
160.36 162.88
162.88 164.76
164.76 165.72
165.72 167.24
167.24 167.96
167.96 170.32
170.32 173.24
173.24 175.12
175.12 178.52
178.52 181.16
181.16 183.00
183.00 184.00
184.00 186.12
186.12 189.36
189.36 191.12
191.12 193.20
193.20 194.48
194.48 198.00
198.00 200.44
200.44 201.24
201.24 202.16
202.16 203.44
203.44 205.44
205.44 207.84
207.84 209.60
209.60 211.56
211.56 213.84
213.84 216.44
216.44 217.52
217.52 219.64
219.64 221.76
221.76 223.60
223.60 225.92
225.92 230.28
230.28 234.52
234.52 236.48
236.48 237.68
237.68 239.84
239.84 241.20
241.20 242.88
242.88 244.44
244.44 246.84
246.84 248.48
248.48 252.24
252.24 254.84
254.84 255.84
255.84 257.48
257.48 259.60
259.60 260.96
260.96 262.72
262.72 264.00
264.00 265.32
265.32 268.40
268.40 270.36
270.36 271.96
271.96 275.52
275.52 278.52
278.52 282.12
282.12 283.68
283.68 285.36
285.36 286.08
286.08 287.04
287.04 287.96
287.96 289.28
289.28 290.16
290.16 291.40
291.40 292.36
292.36 295.56