0.00 4.96
4.96 9.24
9.24 10.52
10.52 13.84
13.84 16.56
16.56 17.68
17.68 18.84
18.84 18.96
18.96 20.16
20.16 21.60
21.60 23.96
23.96 25.80
25.80 28.04
28.04 28.92
28.92 30.96
30.96 33.04
33.04 33.64
33.64 34.16
34.16 36.64
36.64 37.92
37.92 40.68
40.68 42.36
42.36 44.92
44.92 47.60
47.60 48.96
48.96 51.36
51.36 54.64
54.64 58.24
58.24 60.44
60.44 62.96
62.96 66.12
66.12 68.04
68.04 71.08
71.08 74.84
74.84 77.08
77.08 77.20
77.20 77.92
77.92 79.84
79.84 80.80
80.80 82.56
82.56 83.24
83.24 85.24
85.24 86.44
86.44 86.84
86.84 87.28
87.28 89.56
89.56 92.56
92.56 94.32
94.32 97.04
97.04 99.16
99.16 100.08
100.08 102.68
102.68 105.48
105.48 108.44
108.44 111.40
111.40 112.88
112.88 113.92
113.92 115.96
115.96 118.08
118.08 118.76
118.76 122.56
122.56 125.60
125.60 127.96
127.96 129.12
129.12 131.24
131.24 134.80
134.80 137.44
137.44 140.96
140.96 144.32
144.32 147.16
147.16 148.36
148.36 150.28
150.28 152.04
152.04 153.24
153.24 157.52
157.52 158.80
158.80 160.76
160.76 163.60
163.60 166.84
166.84 170.44
170.44 173.36
173.36 176.56
176.56 177.12
177.12 178.32
178.32 180.28
180.28 182.32
182.32 184.92
184.92 186.72
186.72 189.76
189.76 191.12
191.12 191.84
191.84 193.84
193.84 196.92
196.92 198.24
198.24 199.00
199.00 204.00
204.00 204.96
204.96 207.12
207.12 207.92
207.92 209.80
209.80 213.04
213.04 215.08
215.08 215.96
215.96 217.12
217.12 219.16
219.16 220.48
220.48 222.36
222.36 224.56
224.56 227.52
227.52 231.52
231.52 234.52
234.52 235.96
235.96 237.52
237.52 238.48
238.48 240.24
240.24 242.36
242.36 243.40
243.40 244.28
244.28 245.28
245.28 250.32
250.32 254.52
254.52 262.28
262.28 266.44
266.44 268.56
268.56 269.80
269.80 272.96
272.96 275.76
275.76 280.84
280.84 284.96
284.96 286.92
286.92 288.08
288.08 288.80
288.80 289.40
289.40 290.40
290.40 293.12
293.12 296.44