0.00 3.08
3.08 3.72
3.72 6.48
6.48 6.76
6.76 7.48
7.48 9.80
9.80 11.24
11.24 14.44
14.44 16.08
16.08 16.64
16.64 18.60
18.60 20.52
20.52 24.16
24.16 27.20
27.20 31.76
31.76 34.68
34.68 36.64
36.64 38.80
38.80 42.20
42.20 46.20
46.20 47.96
47.96 50.92
50.92 51.32
51.32 52.60
52.60 57.44
57.44 58.40
58.40 60.20
60.20 62.60
62.60 63.36
63.36 63.80
63.80 64.04
64.04 65.16
65.16 66.52
66.52 70.04
70.04 74.00
74.00 78.72
78.72 83.32
83.32 84.48
84.48 88.12
88.12 93.12
93.12 97.16
97.16 98.04
98.04 98.52
98.52 103.12
103.12 104.44
104.44 105.28
105.28 107.92
107.92 111.40
111.40 113.40
113.40 114.64
114.64 117.20
117.20 117.76
117.76 119.60
119.60 123.00
123.00 123.56
123.56 124.24
124.24 126.56
126.56 127.76
127.76 128.56
128.56 129.48
129.48 133.24
133.24 135.72
135.72 137.20
137.20 138.48
138.48 141.08
141.08 143.76
143.76 145.92
145.92 150.12
150.12 152.48
152.48 153.92
153.92 157.60
157.60 161.04
161.04 163.48
163.48 166.40
166.40 168.28
168.28 169.68
169.68 170.24
170.24 175.32
175.32 178.84
178.84 181.60
181.60 182.24
182.24 184.84
184.84 185.88
185.88 190.72
190.72 190.92
190.92 191.84
191.84 193.68
193.68 196.56
196.56 198.76
198.76 201.80
201.80 205.68
205.68 208.00
208.00 209.92
209.92 213.08
213.08 214.20
214.20 214.84
214.84 216.76
216.76 217.68
217.68 219.92
219.92 221.16
221.16 222.08
222.08 223.16
223.16 226.08
226.08 228.28
228.28 232.96