0.00 0.78
1.22 2.05
2.99 6.34
6.60 9.51
9.81 12.46
12.72 13.26
13.30 16.03
16.39 18.27
18.70 21.47
21.46 22.87
23.10 24.88
25.18 27.42
27.83 30.19
30.18 32.21
32.82 36.00
36.00 37.33
37.59 39.22
39.22 40.81
41.14 42.33
42.65 47.09
47.16 49.78
49.76 51.76
52.33 54.13
54.20 58.36
58.41 59.81
59.80 61.84
62.02 66.49
66.66 69.34
69.42 71.34
71.34 73.23
73.63 75.81
76.24 78.47
78.80 79.60
79.92 82.35
82.80 83.56
83.59 87.93
88.36 89.27
89.34 92.60
92.58 94.92
95.11 98.51
98.64 100.58
100.64 102.32
102.32 104.51
105.27 106.42
106.64 107.40
107.63 108.96
109.35 112.36
112.57 114.76
115.21 117.75
117.91 119.05
119.12 121.36
121.39 122.67
122.70 124.73
125.04 127.64
127.79 130.16
130.47 132.36
132.60 133.68
134.05 137.26
137.51 139.81
140.68 142.32
142.36 143.53
143.87 146.80
147.04 148.20
148.46 150.16
150.39 154.04
154.08 155.52
155.55 159.46
159.82 161.83
162.09 165.63
165.96 168.26
168.54 170.48
170.90 173.23
173.52 174.40
174.64 176.80
177.28 178.35
178.51 180.64
180.93 182.80
182.80 184.12
184.44 186.70
186.89 188.68
188.95 193.10
193.68 196.08
196.28 196.96
197.30 198.44
198.80 201.76
202.05 203.48
203.94 204.76
205.16 206.47
206.79 208.88
233.46 235.40
235.73 237.21
237.51 239.12
239.37 241.12
241.53 243.44
243.68 245.72
245.92 249.20
249.30 250.80
250.91 253.28
253.58 256.00
256.21 257.49
257.58 259.44
259.70 261.72
261.88 263.68
263.82 264.89
264.98 268.58
285.74 288.53
288.66 292.32
292.79 294.72
295.10 295.72
295.76 300.12
300.40 302.18
303.51 305.88
306.32 307.24
307.63 309.76
310.53 311.64
