0.00 1.10
1.23 2.83
3.49 6.53
6.59 8.29
8.41 9.94
9.95 11.30
11.50 13.32
13.32 14.74
14.85 17.40
17.79 19.10
19.41 21.70
22.05 23.42
23.56 25.22
25.62 27.10
27.55 29.36
29.62 30.81
30.86 32.60
33.10 34.57
34.77 35.69
36.10 38.96
39.52 40.35
40.83 42.70
43.02 45.16
45.50 46.36
46.78 48.53
48.96 49.98
50.17 51.09
51.24 54.29
54.96 56.40
56.39 57.62
57.96 60.07
60.37 62.18
62.17 63.32
63.45 65.05
65.16 66.48
66.48 67.84
68.24 69.56
69.84 71.26
71.69 73.95
74.44 75.84
75.84 76.80
77.04 78.80
79.38 81.30
81.52 83.96
83.98 85.92
86.02 87.83
87.87 89.90
90.08 91.06
91.14 93.30
93.55 96.72
96.72 97.61
97.74 99.06
99.49 103.24
103.60 105.36
105.36 107.42
108.09 110.52
110.61 112.61
112.66 115.35
115.69 117.05
117.31 119.50
119.51 121.54
121.84 123.72
123.95 125.07
125.16 128.90
129.16 130.94
131.28 132.56
132.59 134.13
134.23 136.58
136.69 138.93
138.95 140.56
140.73 142.42
142.80 144.24
144.24 147.01
147.19 149.41
149.65 152.01
152.38 154.04
154.04 156.46
156.62 159.84
160.07 161.28
161.66 164.02
164.00 164.80
165.02 168.00
168.38 169.80
169.94 172.02
172.58 174.40
174.40 175.73
175.75 177.18
177.45 178.44
178.71 180.28
180.32 182.40
182.63 183.42
183.82 184.52
184.52 186.02
186.16 187.87
188.36 189.56
190.05 191.36
191.50 193.08
193.46 194.98
195.03 196.35
196.91 197.68
197.68 200.11
200.84 202.41
202.84 204.52
205.04 205.80
205.80 208.52
208.85 210.76
210.75 213.45
213.48 215.40
215.40 218.11
218.48 219.60
220.11 222.27
222.61 224.56
224.91 226.96
227.17 231.13
231.52 232.80
233.10 233.96
234.33 235.52
236.38 238.52
238.50 239.76
240.16 241.72
241.72 242.98
243.24 244.58
244.84 246.68
247.13 249.00
249.00 250.25
250.53 251.50
251.96 254.57
254.90 255.72
256.11 258.16
258.24 260.04
260.04 264.18
264.69 265.80
265.99 267.06
267.67 268.24
268.24 268.96
