0.00 1.72
1.72 4.08
4.08 7.88
7.88 10.92
10.92 12.12
12.12 13.28
13.28 15.68
15.68 17.08
17.08 20.16
20.16 20.84
20.84 21.68
21.68 24.08
24.08 24.92
24.92 29.08
29.08 32.08
32.08 34.72
34.72 36.16
36.16 37.88
37.88 40.00
40.00 40.64
40.64 41.56
41.56 42.32
42.32 45.20
45.20 45.64
45.64 47.52
47.52 48.40
48.40 51.48
51.48 53.16
53.16 56.68
56.68 60.48
60.48 62.16
62.16 63.08
63.08 63.88
63.88 66.40
66.40 67.20
67.20 70.92
70.92 74.32
74.32 76.84
76.84 77.36
77.36 79.08
79.08 80.08
80.08 81.08
81.08 83.64
83.64 84.40
84.40 86.08
86.08 87.92
87.92 89.12
89.12 91.04
91.04 92.88
92.88 95.96
95.96 98.04
98.04 100.04
100.04 101.40
101.40 102.32
102.32 104.04
104.04 105.88
105.88 106.56
106.56 107.68
107.68 109.00
109.00 110.88
110.88 113.00
113.00 116.24
116.24 117.08
117.08 118.44
118.44 120.08
120.08 121.96
121.96 123.44
123.44 124.48
124.48 126.08
126.08 128.04
128.04 129.32
129.32 131.16
131.16 131.92
131.92 134.28
134.28 135.48
135.48 137.40
137.40 138.80
138.80 140.16
140.16 143.68
143.68 146.24
146.24 148.32
148.32 149.96
149.96 150.56
150.56 152.40
152.40 152.92
152.92 154.60
154.60 155.56
155.56 156.32
156.32 159.28
159.28 161.96
161.96 164.68
164.68 165.64
165.64 167.04
167.04 170.60
170.60 172.40
172.40 175.20
175.20 176.32
176.32 178.52
178.52 179.64
179.64 181.28
181.28 182.52
182.52 183.20
183.20 184.44
184.44 185.56
185.56 186.68
186.68 189.72
189.72 192.00
192.00 193.36
193.36 194.40
194.40 195.20
195.20 197.36
197.36 199.48
199.48 202.44
202.44 202.60
202.60 204.88
204.88 205.48
205.48 206.80
206.80 208.64
208.64 209.40
209.40 210.72
210.72 214.24
214.24 216.92
216.92 217.60
217.60 219.44
219.44 221.68
221.68 222.80
222.80 224.28
224.28 226.48
226.48 229.76
229.76 231.20
231.20 232.60
232.60 233.40
233.40 235.08
235.08 236.80
236.80 238.84
238.84 240.00
240.00 240.92
240.92 243.16