2.67 5.13
5.3 7.13
7.3 11.35
11.51 14.93
15.1 19.23
19.4 22.94
23.11 26.28
26.45 28.16
28.32 30.74
30.91 32.91
33.08 34.79
34.95 40.21
40.38 44.21
44.38 48.68
48.84 51.6
51.76 53.56
53.72 56.27
56.43 59.14
60.48 63.61
63.78 66.82
66.99 70.91
71.07 73.12
73.28 76.25
80 83.8
86.05 87.92
91.14 92.39
104.4 105.61
147.94 149.48
149.86 152.24
160.75 163.08
183.98 185.48
186.82 190.07
190.23 193.11
193.28 195.45
197.28 200.79
200.95 205.25
206.13 207.96
210.63 213.42
214.39 216.3
216.47 218.76
218.93 222.14
222.31 227.35
227.52 228.77
228.94 231.11
231.28 235.15
239.66 241.58
244.04 245.04
248 251.38
252.46 256.05
257.89 262.56
264.02 268.52
270.15 272.15
273.03 275.15