0.00 3.00
3.00 6.28
6.28 11.60
11.60 12.44
12.44 12.80
12.80 17.08
17.08 18.80
18.80 20.64
20.64 22.84
22.84 24.96
24.96 29.20
29.20 33.52
33.52 37.28
37.28 40.68
40.68 42.72
42.72 46.72
46.72 48.56
48.56 53.56
53.56 54.16
54.16 54.56
54.56 56.40
56.40 57.32
57.32 58.64
58.64 61.16
61.16 63.80
63.80 66.32
66.32 70.68
70.68 72.24
72.24 75.04
75.04 76.72
76.72 78.36
78.36 82.08
82.08 84.52
84.52 86.88
86.88 89.04
89.04 93.56
93.56 94.60
94.60 95.28
95.28 96.08
96.08 97.64
97.64 99.36
99.36 101.44
101.44 102.28
102.28 104.36
104.36 105.92
105.92 107.08
107.08 109.24
109.24 109.68
109.68 110.16
110.16 112.08
112.08 113.84
113.84 115.68
115.68 118.40
118.40 122.36
122.36 123.92
123.92 124.64
124.64 127.96
127.96 130.12
130.12 131.60
131.60 133.72
133.72 134.92
134.92 137.44
137.44 140.12
140.12 142.28
142.28 143.64
143.64 146.92
146.92 150.68
150.68 151.56
151.56 153.48
153.48 157.12
157.12 158.52
158.52 159.00
159.00 159.88
159.88 161.96
161.96 163.52
163.52 166.28
166.28 167.68
167.68 169.80
169.80 173.20
173.20 179.12
179.12 181.24
181.24 185.52
185.52 187.72
187.72 189.28
189.28 190.68
190.68 192.72
192.72 195.44
195.44 197.40
197.40 197.72
197.72 200.28
200.28 203.20
203.20 205.52
205.52 206.48
206.48 210.28
210.28 212.96
212.96 214.60
214.60 216.36
216.36 217.16
217.16 217.84
217.84 218.80
218.80 220.60
220.60 228.04
228.04 230.32
230.32 231.92
231.92 233.60
233.60 234.24