2.65 3.75
4.70 6.47
7.37 8.80
9.59 11.09
13.42 14.28
17.49 18.71
20.20 22.75
23.28 25.60
25.62 27.81
32.81 34.43
34.76 36.11
36.27 37.39
38.65 42.15
42.66 43.75
44.84 46.08
47.01 48.30
48.31 49.58
52.29 54.37
54.98 56.33
56.82 57.51
57.72 60.18
60.30 61.81
62.98 63.54
63.54 64.98
65.29 67.02
67.97 68.99
70.49 71.85
72.01 73.11
73.64 74.16
74.48 75.96
75.96 78.18
78.37 79.82
80.35 83.00
83.14 83.78
84.01 87.03
87.22 89.20
89.30 90.72
91.40 92.46
92.51 93.72
94.05 95.41
95.46 96.97
97.76 99.17
99.19 100.93
103.21 105.01
105.90 107.78
109.54 111.40
113.26 113.96
113.98 116.06
116.07 118.49
118.49 119.58
119.64 120.24
121.18 122.64
122.66 123.25
129.13 130.73
130.73 131.87
135.91 136.66
136.71 137.76
140.05 140.81
141.02 143.04
147.51 148.55
148.56 149.79
149.98 150.99
151.00 152.35
152.40 153.42
153.86 155.02
155.28 156.79
159.06 160.65
163.86 164.61
164.61 166.71
167.10 169.00
169.59 170.82
171.10 173.04
175.09 176.61
176.71 177.52
180.34 181.83
181.84 185.25
185.70 186.55
186.55 188.46
189.01 189.64
189.70 190.91
190.92 193.14
195.15 196.20
196.34 197.48
198.62 199.66
199.67 202.59
203.56 204.83
205.16 206.68
208.18 209.37
210.23 212.18
213.04 213.94
213.96 216.13
216.29 217.11
217.93 219.43
219.43 222.94
222.96 224.40
224.45 225.98
226.60 228.23
229.16 230.22
232.07 233.90
235.93 237.90
238.29 240.11
243.96 246.57
246.58 247.73
249.05 250.79
251.14 253.12
253.20 253.71
257.80 258.57
259.02 260.39
260.41 261.77
263.33 264.85
265.75 267.14
268.07 269.21
269.41 271.09
272.12 273.35
273.63 275.76