0.43 2.02
2.39 5.82
5.91 7.23
7.31 9.3
9.39 12.27
12.35 14.14
14.23 16.22
16.31 20.75
20.83 22.66
22.75 25.63
25.71 28.67
28.75 32.06
32.43 34.7
34.79 38.02
38.11 41.42
41.51 42.74
42.83 44.47
44.55 47.43
47.51 50.39
50.79 53.83
53.91 56.82
57.19 59.46
59.99 62.82
62.91 66.11
66.19 67.46
67.55 69.27
69.35 72.1
72.19 75.54
75.63 78.54
78.87 81.99
82.07 84.42
85.27 88.26
88.35 89.7
89.79 91.54
91.63 93.62
93.71 94.54
94.63 96.43
96.51 97.66
97.75 99.42
99.51 101.1
101.19 103.18
104.07 106.06
108.03 111.26
111.35 114.55
114.63 117.43
117.91 120.38
120.47 123.19
123.27 125.5
125.59 127.07
127.15 130.14
130.23 133.06
133.15 138.38