0.00 3.40
3.40 4.16
4.16 5.76
5.76 8.76
8.76 12.12
12.12 13.40
13.40 16.52
16.52 19.76
19.76 22.64
22.64 27.40
27.40 29.20
29.20 31.72
31.72 34.96
34.96 37.48
37.48 40.32
40.32 43.96
43.96 47.12
47.12 50.96
50.96 55.16
55.16 56.64
56.64 58.28
58.28 62.04
62.04 65.36
65.36 66.88
66.88 67.92
67.92 70.80
70.80 78.04
78.04 78.64
78.64 81.56
81.56 89.48
89.48 90.36
90.36 91.12
91.12 91.92
91.92 93.00
93.00 94.88
94.88 96.20
96.20 97.32
97.32 98.44
98.44 100.84
100.84 102.52
102.52 105.20
105.20 106.76
106.76 108.88
108.88 111.48
111.48 113.28
113.28 115.08
115.08 116.56
116.56 117.96
117.96 120.44
120.44 122.72
122.72 126.64
126.64 131.08
131.08 135.80
135.80 138.08
138.08 140.56
140.56 142.56
142.56 145.32
145.32 147.32
147.32 148.96
148.96 151.80
151.80 153.92
153.92 158.68
158.68 158.80
158.80 159.68
159.68 161.92
161.92 165.36
165.36 170.20
170.20 174.36
174.36 176.04
176.04 178.08
178.08 186.76
186.76 188.80
188.80 190.96
190.96 193.60
193.60 200.92
200.92 205.52
205.52 210.56
210.56 211.68
211.68 212.84
212.84 215.04
215.04 219.20
219.20 222.32
222.32 224.48
224.48 227.08
227.08 231.76
231.76 233.08
233.08 234.92
234.92 236.88
236.88 238.32
238.32 238.96
238.96 242.04
242.04 245.32
245.32 247.72
247.72 250.32
250.32 251.12
251.12 252.52
252.52 259.80
259.80 262.56
262.56 264.80
264.80 266.84
266.84 271.92
271.92 276.04
276.04 278.28
278.28 280.08
280.08 280.92
280.92 281.48
281.48 282.84
282.84 284.52
284.52 289.68
289.68 299.88
299.88 303.44
303.44 305.92
305.92 309.16
309.16 314.32
314.32 318.00