2.60 3.79
4.67 6.46
7.36 8.81
9.62 11.28
13.36 14.23
16.73 18.21
21.09 24.41
24.72 26.21
26.33 28.09
28.09 29.81
31.58 33.25
33.48 35.58
36.43 39.04
39.24 41.18
41.79 43.01
43.02 44.32
45.81 47.62
47.83 48.50
48.56 49.47
49.57 51.71
52.79 54.82
55.08 56.97
57.11 59.33
59.43 61.87
62.32 65.27
65.76 67.15
67.15 69.99
70.31 71.80
72.24 74.38
75.86 76.81
76.87 78.94
79.15 79.84
80.38 81.77
82.06 83.72
83.97 85.39
85.40 88.30
89.15 90.39
91.60 92.78
93.15 96.41
97.82 99.96
99.97 102.16
102.29 105.16
105.26 106.71
106.79 109.38
109.97 110.51
110.62 112.33
112.47 113.33
113.34 115.96
116.28 118.66
118.76 119.96
120.57 122.81
122.96 123.53
124.12 126.18
126.24 128.25
129.52 130.77
130.78 132.39
132.73 134.32
134.33 136.22
137.23 139.51
139.57 140.77
143.22 145.59
145.66 146.34
146.50 147.78
148.23 149.53
149.87 150.49
150.79 152.41
152.54 154.13
154.70 155.61
155.81 157.22
157.32 159.32
159.83 160.80
161.06 161.61
161.82 162.97
163.13 164.38
164.90 166.27
166.42 167.24
167.87 169.05
169.23 171.74
172.08 173.84
175.78 179.21
181.16 183.56
184.04 185.08
185.28 186.95
188.21 190.19
190.73 191.80
192.30 194.30
194.39 195.49
195.72 196.56
197.07 198.66
200.14 201.03
201.04 202.33
202.37 203.36
203.51 205.82
205.98 207.92
207.93 209.93
210.87 212.95
213.01 214.64
215.55 216.77
217.18 219.82
220.21 221.89
222.14 225.58
226.17 228.89
229.17 230.71
230.90 231.94
233.24 235.70
236.07 238.73
239.56 241.09
241.75 243.41
243.61 245.03
245.38 247.47
247.70 248.49
248.67 249.47
251.16 252.65
252.70 253.53
253.72 255.84
255.84 256.38
256.87 257.90
257.97 259.37
259.53 260.38
261.94 263.32
263.59 264.68
265.00 266.69
268.60 271.62
271.89 274.57
274.93 275.99
275.99 278.71
278.82 279.40
279.48 280.75