0.00 0.00
0.00 0.00
0.00 0.00
0.00 0.00
0.00 0.00
0.00 0.00
0.00 0.00
0.00 0.00
0.00 0.00
0.00 0.00
0.00 0.00
0.00 0.00
0.00 0.00
0.00 0.00
0.00 0.00
0.00 0.00
0.00 0.00
0.00 0.00
0.00 0.00
0.00 0.00
0.00 0.00
0.00 0.00
0.00 0.00
0.00 0.00
0.00 0.00
0.00 0.00
0.00 0.00
0.00 0.00
0.00 0.00
0.00 0.00
0.00 0.00
0.00 0.00
0.00 0.00
0.00 0.00
0.00 0.00
0.00 0.00
0.00 0.00
0.00 0.00
0.00 0.00
0.00 0.00
0.00 0.00
0.00 0.00
0.00 0.00
0.00 0.00
0.00 0.00
0.00 0.00
0.00 0.00
0.00 0.00
0.00 0.00
0.00 0.00
0.00 0.00
0.00 0.00
0.00 0.00
0.00 0.00
0.00 0.00
0.00 0.00
0.00 0.00
0.00 0.00
0.00 0.00
0.00 0.00
0.00 0.00
0.00 0.00
0.00 0.00
0.00 0.00
0.00 0.00
0.00 0.00
0.00 0.00
0.00 0.00
0.00 0.00
0.00 0.00
0.00 0.00
0.00 0.00
0.00 0.00
0.00 0.00
0.00 0.00
0.00 0.00
0.00 0.00
0.00 0.00
0.00 0.00
0.00 0.00
0.00 0.00
0.00 0.00
0.00 0.00
0.00 0.00
0.00 0.00
0.00 0.00
0.00 0.00
0.00 0.00
0.00 0.00
0.00 0.00
0.00 0.00
0.00 0.00
0.00 0.00
0.00 0.00
0.00 0.00
0.00 0.00
0.00 0.00
0.00 0.00
0.00 0.00
0.00 0.00
0.00 0.00
0.00 0.00
0.00 0.00
0.00 0.00
0.00 0.00
0.00 0.00
0.00 0.00
0.00 0.00
0.00 0.00
0.00 0.00
0.00 0.00
0.00 0.00
0.00 0.00
0.00 0.00
0.00 0.00
0.00 0.00
0.00 0.00
0.00 0.00
0.00 0.00
0.00 0.00
0.62 1.70
3.13 7.66
8.45 10.87
11.17 13.12
13.18 17.16
18.17 20.84
21.08 23.14
23.23 25.62
25.76 27.06
27.30 30.53
30.81 33.70
33.82 36.13
36.14 37.88
37.98 40.95
41.40 42.90
43.03 44.90
45.13 46.08
46.24 48.02
48.28 50.77
51.03 53.91
54.88 56.96
57.04 59.78
60.20 61.72
61.77 65.49
65.68 67.53
68.05 73.17
73.25 77.24
78.23 80.14
80.26 83.14
83.40 85.28
85.65 86.22
86.44 88.08
88.65 91.64
92.36 94.86
94.88 96.67
96.82 101.79
102.70 105.85
105.95 107.54
107.77 110.67
110.79 113.82
113.96 115.45
115.64 117.91
117.97 120.12
120.32 122.12
122.90 124.03
124.27 127.68
127.84 130.21
130.74 134.18
134.52 135.12
135.37 138.64
139.03 139.88
140.12 141.88
142.71 146.84
146.86 148.44
148.66 151.17
151.60 156.28
157.15 158.39
158.64 160.04
160.04 160.64
160.99 163.32
164.08 167.60
167.60 169.39
169.61 172.08
172.98 174.15
174.18 175.04
175.06 178.16
178.68 180.44
181.17 183.15
183.28 184.96
185.05 186.64
186.95 188.68
188.75 191.14
191.43 195.92
195.92 197.88
198.71 200.84
200.91 201.82
202.03 203.68
204.25 205.50
205.68 206.36
206.53 208.64
209.17 210.27
210.50 212.80
214.06 214.76
215.02 215.82
215.96 218.66
218.94 220.48
220.82 223.36
223.36 226.06
226.15 227.66
228.30 229.72
230.04 231.88
232.76 233.72
233.87 234.88
235.08 237.17
237.28 238.88
240.16 240.90
240.94 241.84
242.05 244.44
244.78 246.85
247.27 249.13
249.16 251.44
251.57 254.12
254.24 259.96
260.06 261.24
261.96 263.92
264.20 266.28
266.55 268.68
269.04 271.40
271.50 273.76
274.82 276.68
276.78 278.97
279.12 281.06
281.26 284.47
284.94 287.28
287.40 288.48
288.48 291.90
292.35 294.12
294.35 296.16
296.36 298.40
299.89 301.17
