1.06 3.02
8.69 12.9
14.4 16.99
17.07 19.03
19.12 22.33
22.45 24.71
24.79 27.21
27.29 31.46
31.59 33.88
40.72 42.14
47.69 50.27
53.53 56.49
56.57 58.41
58.57 60.78
60.87 63.91
64.12 66.75
67.71 70.38
71.3 73.84
76.51 79.3
82.31 85.89
86.19 87.6
87.69 91.94
92.19 94.03
94.11 97.99
98.11 99.49
99.57 102.99
103.2 107
107.08 110.12
110.21 111.46
111.54 114.8
114.88 118.17
118.26 120.72
121.22 123.43
123.51 127.48
128.14 130.14
130.23 132.31
132.4 134.82
134.9 137.32
137.4 140.66
140.74 143.2
143.28 146.08
146.16 148.16
158.59 160.38
160.47 164.6
165.18 167.18
167.31 169.6
171.77 173.73
174.82 177.78
177.86 183.03
183.12 186.58
187.29 189.62
189.87 191.87
194.25 196.79
197.55 200.01
201.63 204.93
205.01 207.81
209.22 212.31
213.19 214.94
216.32 217.82
217.94 221.15
222.11 223.9
229.04 230.45
231.33 233.83
235 236.54
239.71 241.34
241.55 243.51
244.01 246.05
246.43 248.3
248.47 251.56
251.64 254.14
254.35 257.77
258.15 261.57
262.11 263.69
264.7 266.82
303.9 306.07