0.59 3.76
3.85 6.35
20.2 21.74
22.2 23.87
32.59 34.21
50.06 51.81
56.03 57.32
61.28 62.53
63.91 65.99
66.2 68.79
72.08 73.71
75.42 76.92
77 78.76
88.35 90.52
90.6 92.27
97.32 101.28
106.62 108.41
113.04 115.88
122.8 125.43
129.14 131.14
135.81 137.27
139.23 140.69
140.78 142.49
143.36 145.03
145.53 146.78
146.87 149.12
156.96 159.09
163.88 165.84
166.01 167.22
168.68 169.93
172.02 174.1
174.19 175.6
175.69 178.36
187.99 189.2
192.62 194.16
197.96 200.54
204.76 207.63
207.72 209.43
233.16 234.66
241.42 244.84
244.92 248.05
251.05 255.27
256.1 260.69
260.81 261.98
283.63 286
287.3 289.59
290.63 293.55
293.64 295.56
295.64 299.6
300.35 303.73
303.82 305.94
306.53 308.65
310.61 313.7
323.29 325.34
325.42 327.05
327.25 328.67
331.68 333.13
333.22 336.18
337.43 340.18
340.27 343.35
347.23 349.44
349.53 352.65
352.74 355.74
355.87 358.54
358.87 361.12
361.66 363.66
363.75 367.21
368.09 369.21