5.92 7.34
10.17 11.3
13.8 17.01
17.43 18.51
18.93 20.56
21.27 24.6
25.98 28.94
30.36 31.36
37.45 38.74
41.62 43.16
43.33 44.58
44.75 46.29
46.46 47.92
48.09 50.29
54.34 56.09
63.31 64.64
64.81 66.56
76.45 77.49
88 89
89.17 93.55
109.52 111.52
116.45 118.2
139.05 141.76
141.93 143.18
149.23 150.9
203.24 204.57
206.74 209.08
211.87 213.88
231.77 234.14
238.82 240.44
241.24 242.36
266.47 267.47
267.97 269.35
285.07 289.2
290.49 291.74
294.79 295.87
317.65 319.31
320.9 322.36
352.14 355.43
362.11 363.11
369.91 372.91
389.93 392.85
393.64 396.64