2.79 3.72
4.89 6.52
7.52 8.74
9.78 11.19
13.61 14.35
17.10 18.69
19.49 21.68
23.20 25.60
30.99 32.55
33.08 35.71
36.70 37.76
37.80 38.73
38.76 39.83
39.84 41.43
41.46 42.89
42.93 43.47
43.53 45.08
45.10 46.83
50.14 51.70
51.83 54.22
55.14 57.31
58.21 59.47
60.15 61.86
67.68 68.66
68.66 70.98
74.34 76.17
76.46 77.34
77.36 79.22
81.84 83.54
83.99 86.18
86.21 87.72
88.64 90.61
96.57 97.65
97.74 100.31
101.63 103.22
107.53 108.21
109.22 110.98
111.00 112.15
117.92 119.21
119.26 121.01
132.44 134.26
137.27 139.15
142.38 143.42
143.43 145.20
145.38 147.34
147.68 149.10
149.27 150.57
150.72 152.94
153.11 154.29
158.53 159.78
160.14 162.31
162.32 163.85
163.96 165.73
165.78 167.53
168.10 169.35
173.86 176.44
177.08 178.20
180.89 181.76
181.84 183.51
184.48 185.98
186.16 187.54
187.58 188.70
188.85 190.42
190.65 192.44
192.60 194.22
197.78 198.89
200.72 203.48
208.87 209.76
209.79 211.49
211.64 213.68
213.81 216.13
216.25 217.39
220.14 222.51
222.54 223.43
224.27 225.50
226.00 227.39
227.66 228.91
230.02 231.07
231.08 232.71
234.29 235.80
235.81 236.84
236.97 238.74
240.01 242.23
242.50 243.60
243.72 244.59
244.86 245.95
246.03 247.18
247.36 248.45
248.69 250.82
256.59 257.81
257.90 259.18
261.66 262.67
262.69 264.45
264.93 266.00
266.00 267.33
268.72 269.22
269.32 270.04
270.09 272.01
272.19 273.78
275.45 277.91