0.36 1.80
2.24 4.94
5.48 6.12
6.48 9.84
10.11 12.58
13.04 13.76
14.21 16.07
16.44 17.24
17.63 19.86
20.34 20.92
21.48 22.60
23.20 25.77
26.20 28.72
29.11 30.24
30.72 32.32
32.70 35.28
35.91 36.50
36.90 37.96
38.60 39.28
39.62 41.35
41.84 42.50
42.68 45.08
45.12 47.46
47.88 48.55
48.91 50.90
50.98 52.78
52.96 55.00
55.00 57.05
57.32 59.08
59.54 61.62
62.00 64.20
64.58 67.30
67.78 68.94
69.40 73.31
73.94 75.52
76.04 76.68
77.13 79.80
80.50 82.26
82.89 83.60
84.24 85.92
86.42 87.33
87.68 88.40
88.84 90.80
90.84 92.93
93.42 95.40
95.86 98.67
99.09 100.32
100.89 102.76
103.09 104.94
105.74 108.37
108.84 111.18
112.06 113.44
113.95 115.53
116.05 116.63
117.14 118.12
118.48 119.85
120.09 120.99
121.69 124.12
124.12 126.42
126.76 128.43
129.37 132.15
132.31 135.11
135.59 137.29
137.64 140.61
140.93 145.49
145.72 148.72
148.98 149.48
149.71 151.80
152.13 152.89
153.25 155.30
155.56 156.91
157.01 158.15
158.43 160.10
160.65 161.72
162.14 163.50
164.09 166.25
166.51 168.33
168.71 170.63
170.94 173.07
173.21 176.30
176.56 177.24
178.20 179.63
180.09 181.51
181.75 183.24
183.26 186.06
186.47 189.81
190.48 191.02
191.96 192.96
193.40 194.08
194.59 196.35
196.70 199.16
199.45 200.74
202.99 205.23
205.67 207.77
208.11 209.94
210.48 213.99
214.35 216.03
216.34 218.41
218.63 219.96
220.32 221.40
221.68 222.71
223.15 225.32
225.76 227.74
228.32 230.37
230.94 232.88
233.37 236.80
237.26 238.80
239.11 240.12
240.49 240.94
241.14 242.04
242.37 243.25
243.69 244.91
245.13 246.04
246.38 248.44
248.86 251.51
252.35 254.24
254.67 257.17
257.38 259.24
259.68 260.80
261.47 262.08
262.08 264.80
265.33 267.47
267.75 269.84
270.16 272.37
272.59 273.76
274.06 275.20
275.75 277.17
277.62 278.52
278.99 280.64
