0.00 2.96
2.96 3.64
3.64 5.20
5.20 9.88
9.88 12.84
12.84 13.88
13.88 15.32
15.32 17.32
17.32 21.60
21.60 22.76
22.76 24.72
24.72 27.48
27.48 30.60
30.60 32.56
32.56 36.04
36.04 37.72
37.72 39.84
39.84 40.60
40.60 43.16
43.16 45.56
45.56 46.24
46.24 47.12
47.12 49.08
49.08 51.96
51.96 54.44
54.44 56.60
56.60 57.36
57.36 58.32
58.32 60.44
60.44 64.16
64.16 64.88
64.88 66.80
66.80 69.60
69.60 70.40
70.40 71.60
71.60 73.80
73.80 76.40
76.40 77.44
77.44 79.36
79.36 80.12
80.12 83.08
83.08 85.12
85.12 87.40
87.40 88.16
88.16 90.48
90.48 91.88
91.88 92.52
92.52 94.20
94.20 95.96
95.96 96.84
96.84 98.12
98.12 99.36
99.36 101.00
101.00 104.08
104.08 105.04
105.04 106.32
106.32 107.28
107.28 108.60
108.60 111.16
111.16 112.68
112.68 114.08
114.08 115.52
115.52 117.36
117.36 119.16
119.16 120.88
120.88 123.00
123.00 125.24
125.24 127.04
127.04 129.32
129.32 131.04
131.04 133.44
133.44 136.20
136.20 138.20
138.20 139.68
139.68 141.16
141.16 143.80
143.80 144.88
144.88 147.40
147.40 150.60
150.60 151.72
151.72 153.40
153.40 155.44
155.44 156.72
156.72 159.84
159.84 161.84
161.84 163.40
163.40 165.72
165.72 167.76
167.76 171.24
171.24 173.96
173.96 174.64
174.64 175.04
175.04 176.60
176.60 178.16
178.16 180.12
180.12 181.56
181.56 184.12
184.12 185.92
185.92 186.84
186.84 188.48
188.48 191.72
191.72 193.96
193.96 197.04
197.04 199.24
199.24 201.80
201.80 203.76
203.76 206.08
206.08 208.24
208.24 209.72
209.72 211.00
211.00 213.40
213.40 214.24
214.24 215.60
215.60 218.24
218.24 223.00
223.00 225.60
225.60 227.00
227.00 229.08
229.08 230.44
230.44 232.96
232.96 236.04
236.04 236.36
236.36 238.32
238.32 239.84
239.84 243.36
243.36 245.36
245.36 248.60