0.00 6.08
6.08 7.92
7.92 10.80
10.80 15.16
15.16 16.56
16.56 18.16
18.16 18.72
18.72 21.24
21.24 23.84
23.84 25.56
25.56 28.80
28.80 30.48
30.48 33.80
33.80 37.88
37.88 43.76
43.76 45.64
45.64 49.04
49.04 51.88
51.88 53.40
53.40 54.44
54.44 55.60
55.60 56.56
56.56 59.84
59.84 60.84
60.84 61.96
61.96 63.96
63.96 66.20
66.20 69.36
69.36 72.12
72.12 72.64
72.64 73.04
73.04 75.32
75.32 78.00
78.00 85.12
85.12 88.72
88.72 92.04
92.04 94.44
94.44 96.08
96.08 100.32
100.32 106.12
106.12 106.56
106.56 107.04
107.04 109.20
109.20 109.96
109.96 113.64
113.64 115.24
115.24 116.96
116.96 120.40
120.40 121.48
121.48 122.24
122.24 125.44
125.44 126.60
126.60 130.20
130.20 133.20
133.20 136.00
136.00 139.84
139.84 141.08
141.08 142.32
142.32 145.12
145.12 145.68
145.68 148.64
148.64 149.24
149.24 151.28
151.28 153.52
153.52 154.76
154.76 155.76
155.76 159.08
159.08 159.84
159.84 163.48
163.48 166.36
166.36 166.72
166.72 167.08
167.08 170.72
170.72 173.68
173.68 175.16
175.16 177.68
177.68 179.16
179.16 180.84
180.84 183.84
183.84 184.40
184.40 186.44
186.44 187.52
187.52 191.76
191.76 193.92
193.92 195.64
195.64 199.96
199.96 200.08
200.08 201.36
201.36 203.12
203.12 205.68
205.68 207.24
207.24 209.04
209.04 209.40
209.40 210.80
210.80 213.40
213.40 215.24
215.24 216.76
216.76 218.68
218.68 220.92
220.92 221.08
221.08 221.52
221.52 223.44
223.44 225.48
225.48 225.88
225.88 227.40
227.40 229.12
229.12 230.64
230.64 232.48
232.48 236.88
236.88 237.32
237.32 237.80
237.80 239.96
239.96 242.16
242.16 244.72
244.72 246.52
246.52 248.96
248.96 251.08
251.08 256.76
256.76 258.28
258.28 260.88
260.88 261.84
261.84 263.08
263.08 263.48
263.48 264.08
264.08 266.28
266.28 268.76
268.76 272.36
272.36 279.00