0.10 1.08
1.36 3.30
4.65 7.12
7.25 10.38
10.51 12.36
12.56 15.95
16.00 17.66
17.74 21.38
21.42 24.05
24.18 27.81
28.05 30.78
30.81 32.41
32.46 35.00
35.15 37.81
37.90 39.30
39.68 42.51
42.62 44.80
45.14 48.39
48.82 53.31
53.50 54.34
54.51 58.65
58.78 61.32
61.77 63.82
63.94 65.76
66.01 69.10
69.70 72.70
73.38 74.77
74.92 77.47
77.52 81.50
81.64 82.68
82.91 85.24
85.30 87.93
88.02 91.20
91.54 93.42
93.66 95.02
95.38 97.58
98.17 100.97
101.33 103.84
104.07 105.12
105.24 107.70
108.14 109.52
109.71 111.87
112.40 113.94
114.17 115.20
115.54 117.67
117.69 119.90
120.33 124.21
124.28 126.04
126.10 129.23
129.40 132.82
132.84 136.56
136.88 139.64
139.72 142.61
143.04 145.64
145.86 147.08
147.46 149.36
149.46 151.21
151.64 153.60
153.62 156.58
156.68 157.80
157.85 159.56
159.72 163.82
163.94 166.48
166.67 169.20
169.50 170.93
171.05 172.64
173.00 175.57
175.67 178.42
178.55 181.00
181.40 185.19
185.30 187.74
187.97 191.28
191.28 193.00
193.37 194.96
194.96 196.36
196.36 199.06
199.13 200.34
200.49 203.38
203.98 205.53
205.68 206.65
206.79 209.38
209.52 210.64
210.94 212.58
212.62 216.18
216.22 217.80
218.14 220.26
220.54 221.48
221.98 226.82
227.50 230.12
230.34 234.54
235.22 237.32
237.90 241.70
241.88 243.70
