0.00 3.24
3.24 9.08
9.08 12.20
12.20 14.48
14.48 14.64
14.64 16.64
16.64 17.36
17.36 18.60
18.60 21.52
21.52 24.12
24.12 27.92
27.92 29.68
29.68 30.68
30.68 33.28
33.28 36.04
36.04 39.72
39.72 42.84
42.84 43.60
43.60 44.92
44.92 47.76
47.76 52.08
52.08 55.32
55.32 57.52
57.52 61.60
61.60 62.72
62.72 63.08
63.08 64.76
64.76 66.80
66.80 69.52
69.52 71.20
71.20 72.92
72.92 74.28
74.28 76.08
76.08 78.56
78.56 80.88
80.88 83.08
83.08 83.32
83.32 84.36
84.36 86.04
86.04 86.64
86.64 88.00
88.00 91.52
91.52 93.92
93.92 94.40
94.40 95.20
95.20 97.04
97.04 99.56
99.56 101.52
101.52 103.20
103.20 105.16
105.16 105.36
105.36 106.92
106.92 109.96
109.96 110.88
110.88 112.56
112.56 114.36
114.36 116.64
116.64 117.76
117.76 119.04
119.04 120.48
120.48 121.72
121.72 123.72
123.72 124.08
124.08 125.24
125.24 133.68
133.68 136.08
136.08 137.28
137.28 138.72
138.72 139.84
139.84 142.40
142.40 146.28
146.28 147.32
147.32 150.72
150.72 151.16
151.16 151.56
151.56 154.40
154.40 155.04
155.04 155.56
155.56 156.96
156.96 158.44
158.44 162.20
162.20 164.44
164.44 166.08
166.08 167.76
167.76 168.08
168.08 169.80
169.80 172.60
172.60 173.40
173.40 174.12
174.12 175.92
175.92 177.76
177.76 182.64
182.64 185.72
185.72 187.92
187.92 191.84
191.84 194.20
194.20 195.28
195.28 197.64
197.64 200.04
200.04 201.64
201.64 206.08
206.08 207.72
207.72 210.00
210.00 214.16
214.16 214.52
214.52 215.60
215.60 216.96
216.96 220.72
220.72 222.68
222.68 224.68
224.68 227.08