0.00 1.64
1.64 4.36
4.36 6.32
6.32 8.20
8.20 11.96
11.96 13.52
13.52 16.52
16.52 18.00
18.00 19.84
19.84 22.32
22.32 23.68
23.68 25.04
25.04 27.68
27.68 29.96
29.96 32.08
32.08 34.56
34.56 36.32
36.32 38.12
38.12 40.40
40.40 41.40
41.40 41.88
41.88 42.80
42.80 46.28
46.28 48.52
48.52 50.16
50.16 50.40
50.40 51.60
51.60 53.96
53.96 57.64
57.64 59.08
59.08 62.44
62.44 65.16
65.16 70.36
70.36 74.04
74.04 76.92
76.92 77.72
77.72 80.16
80.16 80.76
80.76 81.32
81.32 83.36
83.36 83.92
83.92 85.16
85.16 86.64
86.64 90.96
90.96 92.28
92.28 96.68
96.68 97.24
97.24 97.96
97.96 99.20
99.20 101.56
101.56 102.48
102.48 103.68
103.68 107.08
107.08 108.92
108.92 110.28
110.28 115.72
115.72 120.80
120.80 122.80
122.80 126.04
126.04 129.88
129.88 131.84
131.84 136.52
136.52 138.48
138.48 140.64
140.64 142.08
142.08 142.84
142.84 146.44
146.44 148.56
148.56 149.16
149.16 151.48
151.48 153.80
153.80 157.68
157.68 159.52
159.52 160.64
160.64 161.32
161.32 162.60
162.60 164.92
164.92 168.04
168.04 172.44
172.44 174.24
174.24 175.00
175.00 175.84
175.84 182.00
182.00 185.24
185.24 188.80
188.80 191.08
191.08 193.20
193.20 196.40
196.40 196.96
196.96 198.92
198.92 203.08
203.08 204.16
204.16 205.76
205.76 209.20
209.20 211.92
211.92 215.08
215.08 218.28
218.28 219.60
219.60 223.28
223.28 225.80
225.80 226.52
226.52 229.52
229.52 232.08
232.08 235.52
235.52 239.96
239.96 242.88
242.88 245.00
245.00 248.28
248.28 251.88
251.88 254.32
254.32 256.04
256.04 260.24
260.24 262.04
262.04 267.68