0.00 4.80
4.80 7.32
7.32 10.56
10.56 13.32
13.32 23.24
23.24 25.08
25.08 28.40
28.40 28.80
28.80 29.40
29.40 30.48
30.48 32.76
32.76 34.88
34.88 37.64
37.64 40.64
40.64 42.04
42.04 44.32
44.32 47.12
47.12 47.80
47.80 48.32
48.32 55.92
55.92 56.96
56.96 58.04
58.04 62.48
62.48 64.28
64.28 65.28
65.28 65.88
65.88 67.08
67.08 67.28
67.28 72.24
72.24 75.52
75.52 77.52
77.52 78.60
78.60 82.68
82.68 85.60
85.60 88.76
88.76 90.16
90.16 91.36
91.36 93.16
93.16 94.68
94.68 103.52
103.52 104.72
104.72 105.52
105.52 106.92
106.92 109.00
109.00 110.28
110.28 113.24
113.24 114.04
114.04 114.44
114.44 115.08
115.08 116.80
116.80 117.84
117.84 120.76
120.76 123.08
123.08 124.04
124.04 125.44
125.44 126.36
126.36 128.04
128.04 129.08
129.08 131.04
131.04 134.76
134.76 135.20
135.20 136.12
136.12 136.56
136.56 137.64
137.64 139.92
139.92 141.20
141.20 143.88
143.88 146.36
146.36 149.28
149.28 150.56
150.56 151.20
151.20 152.68
152.68 154.12
154.12 156.52
156.52 157.44
157.44 157.84
157.84 159.24
159.24 161.20
161.20 164.84
164.84 166.08
166.08 166.52
166.52 168.48
168.48 170.36
170.36 170.88
170.88 172.28
172.28 174.20
174.20 175.72
175.72 179.04
179.04 180.64
180.64 182.44
182.44 185.56
185.56 186.28
186.28 188.52
188.52 189.92
189.92 191.36
191.36 193.92
193.92 195.88
195.88 196.84
196.84 198.80
198.80 200.28
200.28 201.48
201.48 203.12
203.12 203.36
203.36 205.88
205.88 207.40
207.40 209.20
209.20 210.68
210.68 211.96
211.96 213.68
213.68 216.12
216.12 218.40
218.40 220.52
220.52 221.88
221.88 224.40
224.40 225.68
225.68 227.60
227.60 229.36
229.36 231.96
231.96 233.24
233.24 235.68
235.68 237.68
237.68 239.60
239.60 240.28
240.28 240.76
240.76 242.04
242.04 243.04
243.04 246.72
246.72 248.12
248.12 251.32
251.32 252.12
252.12 254.48
254.48 255.88
255.88 257.92
257.92 259.76
259.76 261.12
261.12 262.12
262.12 263.64
263.64 265.44
265.44 266.04
266.04 267.32
267.32 267.76
267.76 268.92
268.92 272.80
272.80 275.88
275.88 278.36
278.36 279.40
279.40 281.84
281.84 284.36
284.36 285.44
285.44 288.32
288.32 290.32
290.32 291.08
291.08 291.92
291.92 292.60
292.60 294.04
294.04 295.12
295.12 296.00
296.00 296.68
296.68 297.88
297.88 298.08
298.08 300.16
300.16 300.88
300.88 302.76
302.76 304.68
304.68 307.00
307.00 308.52
308.52 309.92
309.92 313.80