0.00 0.00
0.00 0.00
0.00 0.00
0.00 0.00
0.00 0.00
0.00 0.00
0.00 0.00
0.00 0.00
0.00 0.00
0.00 0.00
0.00 0.00
0.00 0.00
0.00 0.00
0.00 0.00
0.00 0.00
0.00 0.00
0.00 0.00
0.00 0.00
0.00 0.00
0.00 0.00
0.00 0.00
0.00 0.00
0.00 0.00
0.00 0.00
0.00 0.00
0.00 0.00
0.00 0.00
0.00 0.00
0.00 0.00
0.00 0.00
0.00 0.00
0.00 0.00
0.00 0.00
0.00 0.00
0.00 0.00
0.00 0.00
0.00 0.00
0.00 0.00
0.00 0.00
0.00 0.00
0.00 0.00
0.00 0.00
0.00 0.00
0.00 0.00
0.00 0.00
0.00 0.00
0.00 0.00
0.00 0.00
0.00 0.00
0.00 0.00
0.00 0.00
0.00 0.00
0.00 0.00
0.00 0.00
0.00 0.00
0.00 0.00
0.00 0.00
0.00 0.00
0.00 0.00
0.00 0.00
0.00 0.00
0.00 0.00
0.00 0.00
0.00 0.00
0.00 0.00
0.00 0.00
0.00 0.00
0.00 0.00
0.00 0.00
0.00 0.00
0.00 0.00
0.00 0.00
0.00 0.00
0.00 0.00
0.00 0.00
0.00 0.00
0.00 0.00
0.00 0.00
0.00 0.00
0.00 0.00
0.00 0.00
0.00 0.00
0.00 0.00
0.00 0.00
0.00 0.00
0.00 0.00
0.00 0.00
0.00 0.00
0.00 0.00
0.00 0.00
0.00 0.00
0.00 0.00
0.00 0.00
0.00 0.00
0.00 0.00
0.00 0.00
0.00 0.00
0.00 0.00
0.00 0.00
0.00 0.00
0.00 0.00
0.00 0.00
0.00 0.00
0.00 0.00
0.00 0.00
0.00 0.00
0.00 0.00
0.27 1.39
1.76 2.88
3.08 6.19
6.36 7.38
8.03 9.13
9.52 12.85
13.33 15.78
16.11 17.35
17.55 21.63
22.56 24.56
24.56 25.34
25.40 26.22
26.68 27.54
27.66 31.17
31.38 33.56
34.64 37.34
37.56 39.86
40.34 43.06
43.71 46.04
46.04 47.09
47.16 48.65
48.95 50.80
51.37 52.12
52.65 55.04
55.21 56.32
56.60 58.40
58.84 59.88
59.99 61.84
62.25 66.60
67.10 69.79
70.04 71.68
72.29 73.99
74.44 75.68
76.00 79.22
79.96 82.76
83.00 85.11
85.14 86.85
87.82 90.74
91.13 94.89
95.20 96.96
97.26 99.42
99.90 102.53
102.79 104.22
104.44 106.26
106.80 110.97
111.18 115.09
115.24 117.52
118.18 120.60
120.68 121.86
122.07 124.02
124.64 126.31
126.62 128.52
128.71 135.07
135.72 139.15
139.38 142.12
143.35 144.87
144.90 146.02
146.16 149.42
149.58 150.60
150.97 152.20
152.25 153.45
153.72 155.27
155.49 158.38
158.75 160.40
160.54 162.42
162.71 165.61
166.16 167.89
167.92 169.76
170.20 172.30
172.50 173.88
174.02 176.85
177.27 179.23
179.23 180.56
180.84 182.76
182.76 184.82
184.82 186.28
186.45 187.92
188.09 189.23
189.65 191.84
192.11 193.40
193.75 195.96
196.05 198.26
198.73 201.16
201.90 204.16
204.40 206.14
206.41 208.06
208.47 211.28
211.81 214.15
214.73 216.24
216.56 219.28
219.70 222.24
222.46 223.24
223.38 225.96
226.20 228.12
228.73 230.12
230.16 230.72
230.96 234.16
234.49 237.00
237.16 238.48
239.02 242.16
242.65 244.63
244.79 246.60
246.98 248.88
249.06 250.63
250.76 252.48
252.73 254.16
255.76 256.81
