0.00 1.84
1.84 6.88
6.88 8.72
8.72 9.64
9.64 11.80
11.80 14.60
14.60 18.20
18.20 22.40
22.40 23.16
23.16 23.68
23.68 26.16
26.16 30.16
30.16 30.84
30.84 36.44
36.44 39.96
39.96 42.76
42.76 45.36
45.36 51.20
51.20 55.72
55.72 59.80
59.80 63.88
63.88 67.92
67.92 68.08
68.08 70.20
70.20 73.24
73.24 74.96
74.96 77.48
77.48 79.48
79.48 79.84
79.84 81.60
81.60 87.16
87.16 88.96
88.96 89.28
89.28 90.48
90.48 93.72
93.72 97.72
97.72 98.76
98.76 99.20
99.20 100.80
100.80 104.56
104.56 108.08
108.08 111.32
111.32 114.04
114.04 116.36
116.36 119.76
119.76 126.12
126.12 126.52
126.52 127.04
127.04 129.16
129.16 130.20
130.20 135.12
135.12 138.40
138.40 140.76
140.76 143.52
143.52 143.80
143.80 144.76
144.76 146.12
146.12 148.64
148.64 150.16
150.16 152.64
152.64 155.28
155.28 158.52
158.52 159.72
159.72 161.60
161.60 164.56
164.56 166.56
166.56 170.32
170.32 176.16
176.16 177.36
177.36 178.04
178.04 179.44
179.44 183.04
183.04 185.96
185.96 188.88
188.88 190.68
190.68 192.28
192.28 193.68
193.68 195.00
195.00 196.48
196.48 199.36
199.36 201.00
201.00 203.84
203.84 204.60
204.60 205.12
205.12 205.64
205.64 206.84
206.84 209.76
209.76 211.80
211.80 213.36
213.36 215.12
215.12 215.72
215.72 217.64
217.64 218.12
218.12 219.80
219.80 222.76
222.76 223.28
223.28 224.56
224.56 226.60
226.60 227.28
227.28 228.16
228.16 230.04
230.04 232.60
232.60 234.32
234.32 236.76
236.76 237.84
237.84 240.28
240.28 242.00
242.00 242.76
242.76 244.32
244.32 247.52
247.52 250.36
250.36 251.64
251.64 252.16
252.16 256.92
256.92 259.88
259.88 262.44
262.44 263.92
263.92 270.08