0.00 3.20
3.20 7.64
7.64 8.44
8.44 12.04
12.04 13.92
13.92 18.92
18.92 26.80
26.80 30.20
30.20 35.72
35.72 39.76
39.76 43.00
43.00 44.00
44.00 46.08
46.08 48.76
48.76 50.20
50.20 50.96
50.96 53.20
53.20 54.36
54.36 57.88
57.88 58.64
58.64 59.04
59.04 59.92
59.92 61.48
61.48 61.64
61.64 62.04
62.04 66.00
66.00 69.76
69.76 71.52
71.52 74.40
74.40 76.04
76.04 80.04
80.04 82.24
82.24 88.16
88.16 90.84
90.84 92.60
92.60 93.96
93.96 97.16
97.16 100.60
100.60 103.12
103.12 104.96
104.96 105.64
105.64 109.00
109.00 110.48
110.48 112.80
112.80 116.04
116.04 118.96
118.96 122.44
122.44 123.48
123.48 125.64
125.64 128.12
128.12 128.92
128.92 129.32
129.32 131.28
131.28 133.96
133.96 134.48
134.48 136.96
136.96 138.76
138.76 140.08
140.08 141.52
141.52 143.32
143.32 145.24
145.24 146.96
146.96 147.60
147.60 150.44
150.44 152.28
152.28 153.76
153.76 154.84
154.84 155.16
155.16 159.48
159.48 161.60
161.60 164.68
164.68 166.88
166.88 168.48
168.48 170.12
170.12 171.88
171.88 175.00
175.00 177.32
177.32 182.24
182.24 184.40
184.40 185.96
185.96 191.16
191.16 196.08
196.08 197.88
197.88 199.88
199.88 201.00
201.00 202.52
202.52 206.92
206.92 211.44
211.44 213.24
213.24 215.12
215.12 217.36
217.36 218.40
218.40 219.48
219.48 220.80
220.80 222.48
222.48 224.80
224.80 230.28
230.28 231.12
231.12 232.20
232.20 238.56
238.56 240.60
240.60 242.48
242.48 248.96
248.96 251.28
251.28 253.40
253.40 254.24
254.24 257.44
257.44 259.72
259.72 261.08