12.11 14.37
61.08 63.5
63.96 65.42
66.33 70.09
70.38 73.59
79.35 82.22
91.86 93.99
95.78 98.41
106.04 107.63
107.71 110.79
110.88 112.21
137.91 140.16
140.24 143.41
143.7 145.58
152.92 155.01
155.09 158.22
158.34 160.76
160.85 164.56
165.48 167.89
168.19 170.27
171.19 172.56
175.44 177.99
178.53 180.11
180.2 182.41
182.95 184.45
196.34 198.01
198.34 199.63
201.26 203.97
204.05 205.68
207.39 209.1
214.48 215.98
218.99 220.65
221.7 223.2
224.95 228.12
228.2 230.5
230.58 233
233.67 236.59
236.67 239.76