0 1.58
2.71 6.13
6.29 9.21
9.38 11.21
11.38 14.55
14.72 17.39
17.55 19.1
21.43 24.44
26.06 28.98
29.15 31.19
31.36 34.4
34.57 37.57
37.74 39.83
39.99 43.37
44.41 45.54
45.71 48.42
48.59 52.59
52.76 54.42
54.59 58.05
59.51 63.77
63.94 65.77
67.02 70.44
70.61 72.02
72.19 75.44
76.24 77.57
79.12 81.53
81.7 82.95
83.12 85.29
85.46 87.12
87.92 90.46
90.63 93.51
93.67 97.63
99.55 101.97
103.39 107.48
107.64 109.65
109.81 111.15
114.15 115.65
116.49 120.2
121.66 123.45
123.62 128.37
128.54 131.67
133.3 136.05
137.51 139.22