0.08 2.55
2.62 4.35
4.48 6.12
6.25 9.37
9.41 11.03
11.22 12.49
12.63 15.98
16.43 18.82
19.04 20.37
20.61 22.07
22.46 24.12
24.38 25.30
25.40 27.40
27.60 28.62
28.84 29.96
30.08 31.17
31.26 32.89
33.00 33.97
34.24 35.51
35.73 38.09
38.46 39.42
39.67 40.32
40.90 42.32
42.75 43.81
43.88 44.92
45.38 47.77
47.92 48.92
49.09 51.09
51.18 53.26
53.56 55.44
55.83 56.82
57.23 58.93
59.11 62.24
62.43 64.97
65.20 68.27
68.72 70.63
71.13 73.40
73.76 76.06
76.04 77.76
77.94 80.31
80.69 82.37
82.71 83.43
83.72 85.11
85.29 88.95
88.95 90.53
91.12 92.67
92.91 93.98
94.07 95.11
95.35 97.12
97.32 99.16
99.64 103.22
103.28 104.50
104.55 106.39
106.66 108.28
109.00 109.83
110.01 112.23
112.25 115.55
115.58 116.52
116.75 118.05
118.06 120.87
121.10 124.23
124.46 127.75
127.96 129.99
130.05 131.64
131.66 133.27
133.53 136.05
136.11 139.95
140.23 142.01
142.26 144.75
145.01 146.84
147.02 150.03
150.78 152.56
152.74 154.79
154.91 156.90
156.95 158.34
158.37 161.25
161.45 167.13
167.42 170.60
170.67 173.32
173.67 174.74
174.90 176.61
176.75 178.44
178.47 180.19
180.18 181.61
181.78 183.66
183.67 185.09
185.50 186.80
187.00 188.37
188.38 189.62
189.85 192.13
192.16 193.94
194.05 196.32
196.64 200.18
200.35 202.43
202.44 204.06
204.06 206.84
207.24 207.82
208.03 210.62
210.82 212.05
212.06 213.40
213.59 215.02
215.41 218.09
218.10 220.93
220.92 222.79
223.01 224.94
224.98 225.53
225.54 226.98
226.98 228.54
229.12 232.04
232.29 233.42
233.44 235.65
235.90 238.62
239.38 241.46
241.91 242.44
242.46 244.72
244.72 246.44
247.03 249.30
249.96 250.39
250.72 252.89
253.46 254.32
254.52 256.73
257.48 258.53
259.01 260.48
261.34 263.82
263.84 265.25
265.77 266.32
266.70 268.39
268.43 268.86
269.27 272.06
272.08 275.92
276.35 278.12
278.13 279.42
279.71 280.82
280.81 282.62
282.86 284.10
284.10 285.63
286.16 287.80
287.80 289.37
289.62 292.12
292.34 294.50
294.56 296.21
296.53 299.65
301.51 302.58
