0.00 1.44
1.44 3.84
3.84 4.12
4.12 4.72
4.72 9.24
9.24 13.00
13.00 16.12
16.12 17.20
17.20 19.48
19.48 19.64
19.64 21.36
21.36 23.92
23.92 26.40
26.40 29.76
29.76 33.44
33.44 35.68
35.68 38.60
38.60 39.16
39.16 40.92
40.92 44.48
44.48 47.20
47.20 48.80
48.80 49.80
49.80 52.00
52.00 54.52
54.52 58.00
58.00 58.16
58.16 59.08
59.08 59.56
59.56 61.44
61.44 63.80
63.80 66.60
66.60 69.44
69.44 71.40
71.40 73.68
73.68 76.16
76.16 77.84
77.84 79.52
79.52 83.16
83.16 86.64
86.64 86.80
86.80 88.40
88.40 90.88
90.88 95.88
95.88 102.04
102.04 104.60
104.60 113.36
113.36 114.44
114.44 117.36
117.36 121.72
121.72 123.28
123.28 125.48
125.48 129.12
129.12 129.60
129.60 132.64
132.64 134.96
134.96 137.32
137.32 140.08
140.08 140.92
140.92 143.96
143.96 152.84
152.84 155.32
155.32 156.92
156.92 161.36
161.36 162.08
162.08 163.24
163.24 165.28
165.28 166.04
166.04 169.44
169.44 170.88
170.88 172.36
172.36 173.84
173.84 175.76
175.76 177.92
177.92 179.72
179.72 181.52
181.52 186.68
186.68 187.84
187.84 189.16
189.16 191.08
191.08 193.52
193.52 195.20
195.20 199.60
199.60 201.68
201.68 205.56
205.56 206.08
206.08 209.12
209.12 209.68
209.68 211.04
211.04 212.00
212.00 213.12
213.12 214.28
214.28 217.84
217.84 219.40
219.40 222.24
222.24 223.12
223.12 225.68
225.68 229.88
229.88 232.16
232.16 235.36
235.36 238.20
238.20 243.60
243.60 245.72
245.72 247.60
247.60 249.84