0.00 1.56
1.80 3.24
3.46 5.08
5.36 8.87
9.14 10.20
10.46 13.14
13.31 16.84
17.28 20.57
20.52 22.48
22.48 24.25
24.53 27.36
27.49 29.60
29.60 31.28
31.58 33.22
33.56 35.08
35.35 37.10
37.45 38.61
38.90 41.12
41.40 43.48
43.78 45.79
45.98 47.36
47.57 48.99
48.98 51.94
52.37 54.46
54.80 55.40
55.73 57.41
57.80 59.00
59.31 61.87
62.15 63.30
63.68 65.17
65.68 66.00
66.43 67.93
68.20 69.27
69.70 71.93
72.24 73.88
74.24 75.34
75.69 77.78
78.10 78.96
79.27 80.04
80.26 81.77
81.95 83.08
83.47 84.60
84.84 85.48
85.88 86.92
87.28 89.56
89.84 90.83
91.04 93.68
94.03 96.39
96.67 97.69
97.89 98.88
99.22 100.86
101.03 103.19
103.44 104.60
104.90 106.36
106.59 107.33
107.63 109.07
109.25 110.21
110.70 112.34
112.68 115.64
115.65 117.09
117.41 119.60
119.84 120.64
120.92 123.27
123.64 124.31
124.84 126.52
127.89 130.40
133.61 135.00
135.00 136.84
137.13 138.92
139.00 140.84
140.84 142.44
142.45 144.18
144.37 145.88
146.21 146.96
147.24 150.28
150.90 152.82
153.12 156.02
156.53 158.68
158.96 160.43
160.65 161.68
162.05 163.21
163.51 165.00
165.36 166.08
166.40 168.03
168.27 169.72
170.03 171.04
171.40 173.88
176.95 177.44
177.94 179.51
179.95 180.72
180.99 182.48
182.74 184.42
184.65 186.68
186.68 188.41
188.66 189.20
189.53 191.75
191.76 193.60
193.84 195.84
196.19 198.40
198.40 201.32
201.62 203.12
203.43 204.11
204.53 206.40
206.69 209.58
209.57 211.40
211.40 214.44
214.71 215.68
215.87 216.56
216.93 217.78
218.03 218.72
219.07 220.96
220.96 222.36
222.56 226.12
226.38 228.25
228.58 230.51
230.82 233.01
233.00 234.68
234.68 236.20
236.51 239.32
239.61 240.22
240.45 241.18
241.58 242.26
242.63 244.00
244.42 246.20
246.48 247.88
248.13 249.40
249.69 251.16
251.48 253.36
253.75 254.64
254.76 255.36
255.85 257.00
257.31 259.68
259.68 261.40
261.42 263.24
263.24 264.36
264.72 265.40
265.70 267.83
268.21 269.85
270.27 272.24
272.60 273.43
273.74 276.19
276.29 278.24
278.52 281.36
281.36 284.16
284.46 286.72
287.02 288.08
288.30 289.59
289.64 290.92
290.92 293.03
293.34 294.70
295.74 296.84
